2026/06/11-14:52:21.979930 476c RocksDB version: 11.0.4
2026/06/11-14:52:21.980203 476c DB SUMMARY
2026/06/11-14:52:21.980223 476c Host name (Env):  SMART-LYNC
2026/06/11-14:52:21.980233 476c DB Session ID:  7NG5V4O1JN5UZ6GECJLU
2026/06/11-14:52:21.982321 476c CURRENT file:  CURRENT
2026/06/11-14:52:21.982342 476c IDENTITY file:  IDENTITY
2026/06/11-14:52:21.982425 476c MANIFEST file:  MANIFEST-000240 size: 3001 Bytes
2026/06/11-14:52:21.982438 476c SST files in .cataforge\kg\store dir, Total Num: 9, files: 000020.sst 000208.sst 000226.sst 000231.sst 000232.sst 000235.sst 000237.sst 000238.sst 000243.sst 
2026/06/11-14:52:21.982448 476c Write Ahead Log file in .cataforge\kg\store: 000239.log size: 0 ; 
2026/06/11-14:52:21.982511 476c                         Options.error_if_exists: 0
2026/06/11-14:52:21.982697 476c                       Options.create_if_missing: 1
2026/06/11-14:52:21.982707 476c                         Options.paranoid_checks: 1
2026/06/11-14:52:21.982711 476c             Options.flush_verify_memtable_count: 1
2026/06/11-14:52:21.982748 476c          Options.compaction_verify_record_count: 1
2026/06/11-14:52:21.982753 476c                               Options.track_and_verify_wals_in_manifest: 0
2026/06/11-14:52:21.982756 476c                               Options.track_and_verify_wals: 0
2026/06/11-14:52:21.982760 476c        Options.verify_sst_unique_id_in_manifest: 1
2026/06/11-14:52:21.982763 476c                                     Options.env: 000001A938778E00
2026/06/11-14:52:21.982767 476c                                      Options.fs: WinFS
2026/06/11-14:52:21.982771 476c                                Options.info_log: 000001A938A744B0
2026/06/11-14:52:21.982774 476c                Options.max_file_opening_threads: 16
2026/06/11-14:52:21.982778 476c                              Options.statistics: 0000000000000000
2026/06/11-14:52:21.982781 476c                               Options.use_fsync: 0
2026/06/11-14:52:21.982784 476c                       Options.max_log_file_size: 1048576
2026/06/11-14:52:21.982788 476c                   Options.log_file_time_to_roll: 0
2026/06/11-14:52:21.982791 476c                       Options.keep_log_file_num: 1000
2026/06/11-14:52:21.982795 476c                    Options.recycle_log_file_num: 10
2026/06/11-14:52:21.982798 476c                         Options.allow_fallocate: 1
2026/06/11-14:52:21.982802 476c                        Options.allow_mmap_reads: 0
2026/06/11-14:52:21.982805 476c                       Options.allow_mmap_writes: 0
2026/06/11-14:52:21.982809 476c                        Options.use_direct_reads: 0
2026/06/11-14:52:21.982813 476c                        Options.use_direct_io_for_flush_and_compaction: 0
2026/06/11-14:52:21.982816 476c          Options.create_missing_column_families: 1
2026/06/11-14:52:21.982819 476c                              Options.db_log_dir: 
2026/06/11-14:52:21.982823 476c                                 Options.wal_dir: 
2026/06/11-14:52:21.982826 476c                Options.table_cache_numshardbits: 6
2026/06/11-14:52:21.982830 476c                         Options.WAL_ttl_seconds: 0
2026/06/11-14:52:21.982833 476c                       Options.WAL_size_limit_MB: 0
2026/06/11-14:52:21.982837 476c                        Options.max_write_batch_group_size_bytes: 1048576
2026/06/11-14:52:21.982840 476c                     Options.is_fd_close_on_exec: 1
2026/06/11-14:52:21.982844 476c                   Options.advise_random_on_open: 1
2026/06/11-14:52:21.982847 476c                    Options.db_write_buffer_size: 0
2026/06/11-14:52:21.982851 476c                    Options.write_buffer_manager: 000001A938778B30
2026/06/11-14:52:21.982854 476c                      Options.use_adaptive_mutex: 0
2026/06/11-14:52:21.982858 476c                            Options.rate_limiter: 0000000000000000
2026/06/11-14:52:21.982862 476c     Options.sst_file_manager.rate_bytes_per_sec: 0
2026/06/11-14:52:21.982865 476c                       Options.wal_recovery_mode: 2
2026/06/11-14:52:21.982868 476c                  Options.enable_thread_tracking: 0
2026/06/11-14:52:21.982900 476c                  Options.enable_pipelined_write: 0
2026/06/11-14:52:21.982906 476c                  Options.unordered_write: 0
2026/06/11-14:52:21.982910 476c         Options.allow_concurrent_memtable_write: 1
2026/06/11-14:52:21.982913 476c      Options.enable_write_thread_adaptive_yield: 1
2026/06/11-14:52:21.982916 476c             Options.write_thread_max_yield_usec: 100
2026/06/11-14:52:21.982920 476c            Options.write_thread_slow_yield_usec: 3
2026/06/11-14:52:21.982923 476c                               Options.row_cache: None
2026/06/11-14:52:21.982928 476c                              Options.wal_filter: None
2026/06/11-14:52:21.982932 476c             Options.avoid_flush_during_recovery: 0
2026/06/11-14:52:21.982936 476c             Options.allow_ingest_behind: 0
2026/06/11-14:52:21.982939 476c             Options.two_write_queues: 0
2026/06/11-14:52:21.982942 476c             Options.manual_wal_flush: 0
2026/06/11-14:52:21.982946 476c             Options.wal_compression: 0
2026/06/11-14:52:21.982949 476c             Options.background_close_inactive_wals: 0
2026/06/11-14:52:21.982952 476c             Options.atomic_flush: 0
2026/06/11-14:52:21.982956 476c             Options.avoid_unnecessary_blocking_io: 0
2026/06/11-14:52:21.982959 476c             Options.prefix_seek_opt_in_only: 0
2026/06/11-14:52:21.982964 476c                 Options.persist_stats_to_disk: 0
2026/06/11-14:52:21.982968 476c                 Options.write_dbid_to_manifest: 1
2026/06/11-14:52:21.982972 476c                 Options.write_identity_file: 1
2026/06/11-14:52:21.982975 476c                 Options.log_readahead_size: 0
2026/06/11-14:52:21.982979 476c                 Options.file_checksum_gen_factory: Unknown
2026/06/11-14:52:21.982982 476c                 Options.best_efforts_recovery: 0
2026/06/11-14:52:21.982986 476c                Options.max_bgerror_resume_count: 2147483647
2026/06/11-14:52:21.982990 476c            Options.bgerror_resume_retry_interval: 1000000
2026/06/11-14:52:21.982993 476c             Options.allow_data_in_errors: 0
2026/06/11-14:52:21.982997 476c             Options.db_host_id: __hostname__
2026/06/11-14:52:21.983000 476c             Options.enforce_single_del_contracts: true
2026/06/11-14:52:21.983004 476c             Options.metadata_write_temperature: kUnknown
2026/06/11-14:52:21.983007 476c             Options.wal_write_temperature: kUnknown
2026/06/11-14:52:21.983011 476c             Options.max_background_jobs: 8
2026/06/11-14:52:21.983015 476c             Options.max_background_compactions: -1
2026/06/11-14:52:21.983018 476c             Options.max_subcompactions: 1
2026/06/11-14:52:21.983022 476c             Options.avoid_flush_during_shutdown: 0
2026/06/11-14:52:21.983027 476c           Options.writable_file_max_buffer_size: 1048576
2026/06/11-14:52:21.983032 476c             Options.delayed_write_rate : 16777216
2026/06/11-14:52:21.983037 476c             Options.max_total_wal_size: 0
2026/06/11-14:52:21.983042 476c             Options.delete_obsolete_files_period_micros: 21600000000
2026/06/11-14:52:21.983047 476c                   Options.stats_dump_period_sec: 600
2026/06/11-14:52:21.983052 476c                 Options.stats_persist_period_sec: 600
2026/06/11-14:52:21.983057 476c                 Options.stats_history_buffer_size: 1048576
2026/06/11-14:52:21.983062 476c                          Options.max_open_files: 464
2026/06/11-14:52:21.983067 476c                          Options.bytes_per_sync: 0
2026/06/11-14:52:21.983072 476c                      Options.wal_bytes_per_sync: 0
2026/06/11-14:52:21.983078 476c                   Options.strict_bytes_per_sync: 0
2026/06/11-14:52:21.983083 476c       Options.compaction_readahead_size: 2097152
2026/06/11-14:52:21.983089 476c                  Options.max_background_flushes: -1
2026/06/11-14:52:21.983095 476c                  Options.max_manifest_file_size: 1073741824
2026/06/11-14:52:21.983100 476c                  Options.max_manifest_space_amp_pct: 500
2026/06/11-14:52:21.983105 476c             Options.manifest_preallocation_size: 4194304
2026/06/11-14:52:21.983140 476c Options.daily_offpeak_time_utc: 
2026/06/11-14:52:21.983151 476c Compression algorithms supported:
2026/06/11-14:52:21.983157 476c 	kZSTD supported: 0
2026/06/11-14:52:21.983163 476c 	kCustomCompressionA3 supported: 0
2026/06/11-14:52:21.983168 476c 	kSnappyCompression supported: 0
2026/06/11-14:52:21.983173 476c 	kCustomCompressionA5 supported: 0
2026/06/11-14:52:21.983178 476c 	kBZip2Compression supported: 0
2026/06/11-14:52:21.983183 476c 	kZlibCompression supported: 0
2026/06/11-14:52:21.983188 476c 	kLZ4Compression supported: 1
2026/06/11-14:52:21.983194 476c 	kXpressCompression supported: 0
2026/06/11-14:52:21.983199 476c 	kCustomCompressionA7 supported: 0
2026/06/11-14:52:21.983204 476c 	kLZ4HCCompression supported: 1
2026/06/11-14:52:21.983209 476c 	kCustomCompressionB2 supported: 0
2026/06/11-14:52:21.983215 476c 	kCustomCompression9C supported: 0
2026/06/11-14:52:21.983220 476c 	kCustomCompression80 supported: 0
2026/06/11-14:52:21.983225 476c 	kCustomCompressionB3 supported: 0
2026/06/11-14:52:21.983231 476c 	kCustomCompression9B supported: 0
2026/06/11-14:52:21.983236 476c 	kCustomCompression81 supported: 0
2026/06/11-14:52:21.983241 476c 	kCustomCompressionB0 supported: 0
2026/06/11-14:52:21.983246 476c 	kCustomCompression9A supported: 0
2026/06/11-14:52:21.983252 476c 	kCustomCompression82 supported: 0
2026/06/11-14:52:21.983257 476c 	kCustomCompressionB1 supported: 0
2026/06/11-14:52:21.983262 476c 	kCustomCompression83 supported: 0
2026/06/11-14:52:21.983268 476c 	kCustomCompressionB6 supported: 0
2026/06/11-14:52:21.983273 476c 	kCustomCompression84 supported: 0
2026/06/11-14:52:21.983278 476c 	kCustomCompressionB7 supported: 0
2026/06/11-14:52:21.983283 476c 	kCustomCompression9F supported: 0
2026/06/11-14:52:21.983288 476c 	kCustomCompression85 supported: 0
2026/06/11-14:52:21.983293 476c 	kCustomCompressionB4 supported: 0
2026/06/11-14:52:21.983297 476c 	kCustomCompression9E supported: 0
2026/06/11-14:52:21.983302 476c 	kCustomCompression86 supported: 0
2026/06/11-14:52:21.983306 476c 	kCustomCompressionB5 supported: 0
2026/06/11-14:52:21.983310 476c 	kCustomCompression9D supported: 0
2026/06/11-14:52:21.983314 476c 	kCustomCompression87 supported: 0
2026/06/11-14:52:21.983318 476c 	kCustomCompression88 supported: 0
2026/06/11-14:52:21.983322 476c 	kCustomCompression89 supported: 0
2026/06/11-14:52:21.983327 476c 	kCustomCompression92 supported: 0
2026/06/11-14:52:21.983332 476c 	kCustomCompression8A supported: 0
2026/06/11-14:52:21.983337 476c 	kCustomCompression91 supported: 0
2026/06/11-14:52:21.983342 476c 	kCustomCompression8B supported: 0
2026/06/11-14:52:21.983347 476c 	kCustomCompression90 supported: 0
2026/06/11-14:52:21.983351 476c 	kCustomCompression8C supported: 0
2026/06/11-14:52:21.983356 476c 	kCustomCompression97 supported: 0
2026/06/11-14:52:21.983361 476c 	kCustomCompression8D supported: 0
2026/06/11-14:52:21.983366 476c 	kCustomCompression96 supported: 0
2026/06/11-14:52:21.983371 476c 	kCustomCompression8E supported: 0
2026/06/11-14:52:21.983377 476c 	kCustomCompression95 supported: 0
2026/06/11-14:52:21.983382 476c 	kCustomCompression8F supported: 0
2026/06/11-14:52:21.983386 476c 	kCustomCompression93 supported: 0
2026/06/11-14:52:21.983391 476c 	kCustomCompression94 supported: 0
2026/06/11-14:52:21.983396 476c 	kCustomCompression98 supported: 0
2026/06/11-14:52:21.983401 476c 	kCustomCompression99 supported: 0
2026/06/11-14:52:21.983407 476c 	kCustomCompressionA0 supported: 0
2026/06/11-14:52:21.983412 476c 	kCustomCompressionA1 supported: 0
2026/06/11-14:52:21.983417 476c 	kCustomCompressionA2 supported: 0
2026/06/11-14:52:21.983422 476c 	kCustomCompressionA4 supported: 0
2026/06/11-14:52:21.983427 476c 	kCustomCompressionA6 supported: 0
2026/06/11-14:52:21.983432 476c 	kCustomCompressionA8 supported: 0
2026/06/11-14:52:21.983437 476c 	kCustomCompressionA9 supported: 0
2026/06/11-14:52:21.983442 476c 	kCustomCompressionAA supported: 0
2026/06/11-14:52:21.983447 476c 	kCustomCompressionAB supported: 0
2026/06/11-14:52:21.983454 476c 	kCustomCompressionAC supported: 0
2026/06/11-14:52:21.983461 476c 	kCustomCompressionAD supported: 0
2026/06/11-14:52:21.983466 476c 	kCustomCompressionAE supported: 0
2026/06/11-14:52:21.983471 476c 	kCustomCompressionAF supported: 0
2026/06/11-14:52:21.983477 476c 	kCustomCompressionB8 supported: 0
2026/06/11-14:52:21.983482 476c 	kCustomCompressionB9 supported: 0
2026/06/11-14:52:21.983487 476c 	kCustomCompressionBA supported: 0
2026/06/11-14:52:21.983492 476c 	kCustomCompressionBB supported: 0
2026/06/11-14:52:21.983497 476c 	kCustomCompressionBC supported: 0
2026/06/11-14:52:21.983502 476c 	kCustomCompressionBD supported: 0
2026/06/11-14:52:21.983507 476c 	kCustomCompressionBE supported: 0
2026/06/11-14:52:21.983513 476c 	kCustomCompressionBF supported: 0
2026/06/11-14:52:21.983518 476c 	kCustomCompressionC0 supported: 0
2026/06/11-14:52:21.983523 476c 	kCustomCompressionC1 supported: 0
2026/06/11-14:52:21.983527 476c 	kCustomCompressionC2 supported: 0
2026/06/11-14:52:21.983532 476c 	kCustomCompressionC3 supported: 0
2026/06/11-14:52:21.983554 476c 	kCustomCompressionC4 supported: 0
2026/06/11-14:52:21.983560 476c 	kCustomCompressionC5 supported: 0
2026/06/11-14:52:21.983565 476c 	kCustomCompressionC6 supported: 0
2026/06/11-14:52:21.983569 476c 	kCustomCompressionC7 supported: 0
2026/06/11-14:52:21.983575 476c 	kCustomCompressionC8 supported: 0
2026/06/11-14:52:21.983580 476c 	kCustomCompressionC9 supported: 0
2026/06/11-14:52:21.983585 476c 	kCustomCompressionCA supported: 0
2026/06/11-14:52:21.983589 476c 	kCustomCompressionCB supported: 0
2026/06/11-14:52:21.983594 476c 	kCustomCompressionCC supported: 0
2026/06/11-14:52:21.983599 476c 	kCustomCompressionCD supported: 0
2026/06/11-14:52:21.983604 476c 	kCustomCompressionCE supported: 0
2026/06/11-14:52:21.983609 476c 	kCustomCompressionCF supported: 0
2026/06/11-14:52:21.983614 476c 	kCustomCompressionD0 supported: 0
2026/06/11-14:52:21.983620 476c 	kCustomCompressionD1 supported: 0
2026/06/11-14:52:21.983624 476c 	kCustomCompressionD2 supported: 0
2026/06/11-14:52:21.983629 476c 	kCustomCompressionD3 supported: 0
2026/06/11-14:52:21.983634 476c 	kCustomCompressionD4 supported: 0
2026/06/11-14:52:21.983639 476c 	kCustomCompressionD5 supported: 0
2026/06/11-14:52:21.983644 476c 	kCustomCompressionD6 supported: 0
2026/06/11-14:52:21.983649 476c 	kCustomCompressionD7 supported: 0
2026/06/11-14:52:21.983653 476c 	kCustomCompressionD8 supported: 0
2026/06/11-14:52:21.983658 476c 	kCustomCompressionD9 supported: 0
2026/06/11-14:52:21.983663 476c 	kCustomCompressionDA supported: 0
2026/06/11-14:52:21.983668 476c 	kCustomCompressionDB supported: 0
2026/06/11-14:52:21.983673 476c 	kCustomCompressionDC supported: 0
2026/06/11-14:52:21.983678 476c 	kCustomCompressionDD supported: 0
2026/06/11-14:52:21.983683 476c 	kCustomCompressionDE supported: 0
2026/06/11-14:52:21.983688 476c 	kCustomCompressionDF supported: 0
2026/06/11-14:52:21.983693 476c 	kCustomCompressionE0 supported: 0
2026/06/11-14:52:21.983743 476c 	kCustomCompressionE1 supported: 0
2026/06/11-14:52:21.983749 476c 	kCustomCompressionE2 supported: 0
2026/06/11-14:52:21.983754 476c 	kCustomCompressionE3 supported: 0
2026/06/11-14:52:21.983759 476c 	kCustomCompressionE4 supported: 0
2026/06/11-14:52:21.983764 476c 	kCustomCompressionE5 supported: 0
2026/06/11-14:52:21.983768 476c 	kCustomCompressionE6 supported: 0
2026/06/11-14:52:21.983772 476c 	kCustomCompressionE7 supported: 0
2026/06/11-14:52:21.983777 476c 	kCustomCompressionE8 supported: 0
2026/06/11-14:52:21.983782 476c 	kCustomCompressionE9 supported: 0
2026/06/11-14:52:21.983787 476c 	kCustomCompressionEA supported: 0
2026/06/11-14:52:21.983791 476c 	kCustomCompressionEB supported: 0
2026/06/11-14:52:21.983796 476c 	kCustomCompressionEC supported: 0
2026/06/11-14:52:21.983801 476c 	kCustomCompressionED supported: 0
2026/06/11-14:52:21.983805 476c 	kCustomCompressionEE supported: 0
2026/06/11-14:52:21.983809 476c 	kCustomCompressionEF supported: 0
2026/06/11-14:52:21.983813 476c 	kCustomCompressionF0 supported: 0
2026/06/11-14:52:21.983856 476c 	kCustomCompressionF1 supported: 0
2026/06/11-14:52:21.983864 476c 	kCustomCompressionF2 supported: 0
2026/06/11-14:52:21.983869 476c 	kCustomCompressionF3 supported: 0
2026/06/11-14:52:21.983874 476c 	kCustomCompressionF4 supported: 0
2026/06/11-14:52:21.983879 476c 	kCustomCompressionF5 supported: 0
2026/06/11-14:52:21.983884 476c 	kCustomCompressionF6 supported: 0
2026/06/11-14:52:21.983889 476c 	kCustomCompressionF7 supported: 0
2026/06/11-14:52:21.983894 476c 	kCustomCompressionF8 supported: 0
2026/06/11-14:52:21.983899 476c 	kCustomCompressionF9 supported: 0
2026/06/11-14:52:21.983904 476c 	kCustomCompressionFA supported: 0
2026/06/11-14:52:21.983909 476c 	kCustomCompressionFB supported: 0
2026/06/11-14:52:21.983914 476c 	kCustomCompressionFC supported: 0
2026/06/11-14:52:21.983919 476c 	kCustomCompressionFD supported: 0
2026/06/11-14:52:21.983925 476c 	kCustomCompressionFE supported: 0
2026/06/11-14:52:21.983933 476c Fast CRC32 supported: Not supported on x86
2026/06/11-14:52:21.983938 476c DMutex implementation: std::mutex
2026/06/11-14:52:21.983943 476c Jemalloc supported: 0
2026/06/11-14:52:22.001418 476c               Options.comparator: leveldb.BytewiseComparator
2026/06/11-14:52:22.001440 476c           Options.merge_operator: None
2026/06/11-14:52:22.001445 476c        Options.compaction_filter: None
2026/06/11-14:52:22.001448 476c        Options.compaction_filter_factory: None
2026/06/11-14:52:22.001451 476c  Options.sst_partitioner_factory: None
2026/06/11-14:52:22.001455 476c         Options.memtable_factory: SkipListFactory
2026/06/11-14:52:22.001458 476c            Options.table_factory: BlockBasedTable
2026/06/11-14:52:22.001493 476c            table_factory options:   flush_block_policy_factory: FlushBlockBySizePolicyFactory (000001A93AE99850)
  cache_index_and_filter_blocks: 0
  cache_index_and_filter_blocks_with_high_priority: 1
  pin_l0_filter_and_index_blocks_in_cache: 0
  pin_top_level_index_and_filter: 1
  index_type: 0
  data_block_index_type: 0
  index_shortening: 1
  data_block_hash_table_util_ratio: 0.750000
  checksum: 4
  no_block_cache: 0
  block_cache: 000001A9389FFCF0
  block_cache_name: AutoHyperClockCache
  block_cache_options:
    capacity : 33554432
    num_shard_bits : 0
    strict_capacity_limit : 0
    memory_allocator : None
  persistent_cache: 0000000000000000
  block_size: 4096
  block_size_deviation: 10
  block_restart_interval: 16
  index_block_restart_interval: 16
  metadata_block_size: 4096
  partition_filters: 0
  use_delta_encoding: 1
  filter_policy: nullptr
  user_defined_index_factory: nullptr
  fail_if_no_udi_on_open: 0
  whole_key_filtering: 1
  verify_compression: 0
  read_amp_bytes_per_bit: 0
  format_version: 5
  enable_index_compression: 1
  block_align: 0
  super_block_alignment_size: 0
  super_block_alignment_space_overhead_ratio: 128
  max_auto_readahead_size: 262144
  prepopulate_block_cache: 0
  initial_auto_readahead_size: 8192
  num_file_reads_for_auto_readahead: 2
2026/06/11-14:52:22.001499 476c        Options.write_buffer_size: 134217728
2026/06/11-14:52:22.001502 476c  Options.max_write_buffer_number: 6
2026/06/11-14:52:22.001508 476c        Options.compression[0]: NoCompression
2026/06/11-14:52:22.001511 476c        Options.compression[1]: NoCompression
2026/06/11-14:52:22.001514 476c        Options.compression[2]: LZ4
2026/06/11-14:52:22.001518 476c        Options.compression[3]: LZ4
2026/06/11-14:52:22.001521 476c        Options.compression[4]: LZ4
2026/06/11-14:52:22.001524 476c        Options.compression[5]: LZ4
2026/06/11-14:52:22.001527 476c        Options.compression[6]: LZ4
2026/06/11-14:52:22.001530 476c                  Options.bottommost_compression: Disabled
2026/06/11-14:52:22.001534 476c       Options.prefix_extractor: nullptr
2026/06/11-14:52:22.001538 476c   Options.memtable_insert_with_hint_prefix_extractor: nullptr
2026/06/11-14:52:22.001541 476c             Options.num_levels: 7
2026/06/11-14:52:22.001544 476c        Options.min_write_buffer_number_to_merge: 2
2026/06/11-14:52:22.001549 476c     Options.max_write_buffer_size_to_maintain: 0
2026/06/11-14:52:22.001556 476c            Options.bottommost_compression_opts.window_bits: -14
2026/06/11-14:52:22.001561 476c                  Options.bottommost_compression_opts.level: 32767
2026/06/11-14:52:22.001565 476c               Options.bottommost_compression_opts.strategy: 0
2026/06/11-14:52:22.001568 476c         Options.bottommost_compression_opts.max_dict_bytes: 0
2026/06/11-14:52:22.001572 476c         Options.bottommost_compression_opts.zstd_max_train_bytes: 0
2026/06/11-14:52:22.001575 476c         Options.bottommost_compression_opts.parallel_threads: 1
2026/06/11-14:52:22.001579 476c                  Options.bottommost_compression_opts.enabled: false
2026/06/11-14:52:22.001582 476c         Options.bottommost_compression_opts.max_dict_buffer_bytes: 0
2026/06/11-14:52:22.001586 476c         Options.bottommost_compression_opts.use_zstd_dict_trainer: true
2026/06/11-14:52:22.001589 476c            Options.compression_opts.window_bits: -14
2026/06/11-14:52:22.001593 476c                  Options.compression_opts.level: 32767
2026/06/11-14:52:22.001596 476c               Options.compression_opts.strategy: 0
2026/06/11-14:52:22.001599 476c         Options.compression_opts.max_dict_bytes: 0
2026/06/11-14:52:22.001603 476c         Options.compression_opts.zstd_max_train_bytes: 0
2026/06/11-14:52:22.001606 476c         Options.compression_opts.use_zstd_dict_trainer: true
2026/06/11-14:52:22.001609 476c         Options.compression_opts.parallel_threads: 1
2026/06/11-14:52:22.001613 476c                  Options.compression_opts.enabled: false
2026/06/11-14:52:22.001616 476c         Options.compression_opts.max_dict_buffer_bytes: 0
2026/06/11-14:52:22.001620 476c      Options.level0_file_num_compaction_trigger: 2
2026/06/11-14:52:22.001624 476c          Options.level0_slowdown_writes_trigger: 20
2026/06/11-14:52:22.001628 476c              Options.level0_stop_writes_trigger: 36
2026/06/11-14:52:22.001631 476c                   Options.target_file_size_base: 67108864
2026/06/11-14:52:22.001635 476c             Options.target_file_size_multiplier: 1
2026/06/11-14:52:22.001638 476c            Options.target_file_size_is_upper_bound: 0
2026/06/11-14:52:22.001641 476c                Options.max_bytes_for_level_base: 536870912
2026/06/11-14:52:22.001645 476c Options.level_compaction_dynamic_level_bytes: 1
2026/06/11-14:52:22.001649 476c          Options.max_bytes_for_level_multiplier: 10.000000
2026/06/11-14:52:22.001652 476c Options.max_bytes_for_level_multiplier_addtl[0]: 1
2026/06/11-14:52:22.001656 476c Options.max_bytes_for_level_multiplier_addtl[1]: 1
2026/06/11-14:52:22.001659 476c Options.max_bytes_for_level_multiplier_addtl[2]: 1
2026/06/11-14:52:22.001662 476c Options.max_bytes_for_level_multiplier_addtl[3]: 1
2026/06/11-14:52:22.001666 476c Options.max_bytes_for_level_multiplier_addtl[4]: 1
2026/06/11-14:52:22.001669 476c Options.max_bytes_for_level_multiplier_addtl[5]: 1
2026/06/11-14:52:22.001672 476c Options.max_bytes_for_level_multiplier_addtl[6]: 1
2026/06/11-14:52:22.001676 476c       Options.max_sequential_skip_in_iterations: 8
2026/06/11-14:52:22.001679 476c          Options.memtable_op_scan_flush_trigger: 0
2026/06/11-14:52:22.001682 476c      Options.memtable_avg_op_scan_flush_trigger: 0
2026/06/11-14:52:22.001686 476c                    Options.max_compaction_bytes: 1677721600
2026/06/11-14:52:22.001689 476c                        Options.arena_block_size: 1048576
2026/06/11-14:52:22.001693 476c   Options.soft_pending_compaction_bytes_limit: 68719476736
2026/06/11-14:52:22.001696 476c   Options.hard_pending_compaction_bytes_limit: 274877906944
2026/06/11-14:52:22.001700 476c                Options.disable_auto_compactions: 0
2026/06/11-14:52:22.001704 476c                        Options.compaction_style: kCompactionStyleLevel
2026/06/11-14:52:22.001708 476c                          Options.compaction_pri: kMinOverlappingRatio
2026/06/11-14:52:22.001711 476c Options.compaction_options_universal.size_ratio: 1
2026/06/11-14:52:22.001715 476c Options.compaction_options_universal.min_merge_width: 2
2026/06/11-14:52:22.001720 476c Options.compaction_options_universal.max_merge_width: 4294967295
2026/06/11-14:52:22.001724 476c Options.compaction_options_universal.max_size_amplification_percent: 200
2026/06/11-14:52:22.001727 476c Options.compaction_options_universal.compression_size_percent: -1
2026/06/11-14:52:22.001731 476c Options.compaction_options_universal.stop_style: kCompactionStopStyleTotalSize
2026/06/11-14:52:22.001734 476c Options.compaction_options_universal.max_read_amp: -1
2026/06/11-14:52:22.001737 476c Options.compaction_options_universal.reduce_file_locking: 1
2026/06/11-14:52:22.001741 476c Options.compaction_options_fifo.max_table_files_size: 1073741824
2026/06/11-14:52:22.001744 476c Options.compaction_options_fifo.allow_compaction: 0
2026/06/11-14:52:22.001749 476c                   Options.table_properties_collectors: 
2026/06/11-14:52:22.001753 476c                   Options.inplace_update_support: 0
2026/06/11-14:52:22.001756 476c                 Options.inplace_update_num_locks: 10000
2026/06/11-14:52:22.001760 476c               Options.memtable_prefix_bloom_size_ratio: 0.000000
2026/06/11-14:52:22.001763 476c               Options.memtable_whole_key_filtering: 0
2026/06/11-14:52:22.001767 476c   Options.memtable_huge_page_size: 0
2026/06/11-14:52:22.001770 476c                           Options.bloom_locality: 0
2026/06/11-14:52:22.001773 476c                    Options.max_successive_merges: 0
2026/06/11-14:52:22.001776 476c             Options.strict_max_successive_merges: 0
2026/06/11-14:52:22.001780 476c                Options.optimize_filters_for_hits: 0
2026/06/11-14:52:22.001783 476c                Options.paranoid_file_checks: 0
2026/06/11-14:52:22.001786 476c                Options.force_consistency_checks: 1
2026/06/11-14:52:22.001789 476c                Options.report_bg_io_stats: 0
2026/06/11-14:52:22.001793 476c                Options.disallow_memtable_writes: 0
2026/06/11-14:52:22.001796 476c                               Options.ttl: 2592000
2026/06/11-14:52:22.001799 476c          Options.periodic_compaction_seconds: 0
2026/06/11-14:52:22.001803 476c                        Options.default_temperature: kUnknown
2026/06/11-14:52:22.001806 476c  Options.preclude_last_level_data_seconds: 0
2026/06/11-14:52:22.001810 476c    Options.preserve_internal_time_seconds: 0
2026/06/11-14:52:22.001813 476c                       Options.enable_blob_files: false
2026/06/11-14:52:22.001817 476c                           Options.min_blob_size: 0
2026/06/11-14:52:22.001820 476c                          Options.blob_file_size: 268435456
2026/06/11-14:52:22.001824 476c                   Options.blob_compression_type: NoCompression
2026/06/11-14:52:22.001827 476c          Options.enable_blob_garbage_collection: false
2026/06/11-14:52:22.001832 476c      Options.blob_garbage_collection_age_cutoff: 0.250000
2026/06/11-14:52:22.001839 476c Options.blob_garbage_collection_force_threshold: 1.000000
2026/06/11-14:52:22.001842 476c          Options.blob_compaction_readahead_size: 0
2026/06/11-14:52:22.001846 476c                Options.blob_file_starting_level: 0
2026/06/11-14:52:22.001849 476c         Options.experimental_mempurge_threshold: 0.000000
2026/06/11-14:52:22.001852 476c            Options.memtable_max_range_deletions: 0
2026/06/11-14:52:22.001856 476c                  Options.cf_allow_ingest_behind: false
2026/06/11-14:52:22.002033 476c               Options.comparator: leveldb.BytewiseComparator
2026/06/11-14:52:22.002040 476c           Options.merge_operator: None
2026/06/11-14:52:22.002043 476c        Options.compaction_filter: None
2026/06/11-14:52:22.002047 476c        Options.compaction_filter_factory: None
2026/06/11-14:52:22.002050 476c  Options.sst_partitioner_factory: None
2026/06/11-14:52:22.002053 476c         Options.memtable_factory: SkipListFactory
2026/06/11-14:52:22.002056 476c            Options.table_factory: BlockBasedTable
2026/06/11-14:52:22.002083 476c            table_factory options:   flush_block_policy_factory: FlushBlockBySizePolicyFactory (000001A93AE98F80)
  cache_index_and_filter_blocks: 0
  cache_index_and_filter_blocks_with_high_priority: 1
  pin_l0_filter_and_index_blocks_in_cache: 0
  pin_top_level_index_and_filter: 1
  index_type: 0
  data_block_index_type: 1
  index_shortening: 1
  data_block_hash_table_util_ratio: 0.750000
  checksum: 4
  no_block_cache: 0
  block_cache: 000001A938A00DF0
  block_cache_name: LRUCache
  block_cache_options:
    capacity : 134217728
    num_shard_bits : 6
    strict_capacity_limit : 0
    memory_allocator : None
    high_pri_pool_ratio: 0.500
    low_pri_pool_ratio: 0.000
  persistent_cache: 0000000000000000
  block_size: 4096
  block_size_deviation: 10
  block_restart_interval: 16
  index_block_restart_interval: 1
  metadata_block_size: 4096
  partition_filters: 0
  use_delta_encoding: 1
  filter_policy: bloomfilter
  user_defined_index_factory: nullptr
  fail_if_no_udi_on_open: 0
  whole_key_filtering: 1
  verify_compression: 0
  read_amp_bytes_per_bit: 0
  format_version: 7
  enable_index_compression: 1
  block_align: 0
  super_block_alignment_size: 0
  super_block_alignment_space_overhead_ratio: 128
  max_auto_readahead_size: 262144
  prepopulate_block_cache: 0
  initial_auto_readahead_size: 8192
  num_file_reads_for_auto_readahead: 2
2026/06/11-14:52:22.002090 476c        Options.write_buffer_size: 134217728
2026/06/11-14:52:22.002093 476c  Options.max_write_buffer_number: 6
2026/06/11-14:52:22.002097 476c        Options.compression[0]: NoCompression
2026/06/11-14:52:22.002101 476c        Options.compression[1]: NoCompression
2026/06/11-14:52:22.002104 476c        Options.compression[2]: LZ4
2026/06/11-14:52:22.002107 476c        Options.compression[3]: LZ4
2026/06/11-14:52:22.002110 476c        Options.compression[4]: LZ4
2026/06/11-14:52:22.002159 476c        Options.compression[5]: LZ4
2026/06/11-14:52:22.002163 476c        Options.compression[6]: LZ4
2026/06/11-14:52:22.002166 476c                  Options.bottommost_compression: Disabled
2026/06/11-14:52:22.002169 476c       Options.prefix_extractor: nullptr
2026/06/11-14:52:22.002173 476c   Options.memtable_insert_with_hint_prefix_extractor: nullptr
2026/06/11-14:52:22.002176 476c             Options.num_levels: 7
2026/06/11-14:52:22.002179 476c        Options.min_write_buffer_number_to_merge: 2
2026/06/11-14:52:22.002183 476c     Options.max_write_buffer_size_to_maintain: 0
2026/06/11-14:52:22.002186 476c            Options.bottommost_compression_opts.window_bits: -14
2026/06/11-14:52:22.002190 476c                  Options.bottommost_compression_opts.level: 32767
2026/06/11-14:52:22.002193 476c               Options.bottommost_compression_opts.strategy: 0
2026/06/11-14:52:22.002197 476c         Options.bottommost_compression_opts.max_dict_bytes: 0
2026/06/11-14:52:22.002200 476c         Options.bottommost_compression_opts.zstd_max_train_bytes: 0
2026/06/11-14:52:22.002203 476c         Options.bottommost_compression_opts.parallel_threads: 1
2026/06/11-14:52:22.002207 476c                  Options.bottommost_compression_opts.enabled: false
2026/06/11-14:52:22.002211 476c         Options.bottommost_compression_opts.max_dict_buffer_bytes: 0
2026/06/11-14:52:22.002214 476c         Options.bottommost_compression_opts.use_zstd_dict_trainer: true
2026/06/11-14:52:22.002218 476c            Options.compression_opts.window_bits: -14
2026/06/11-14:52:22.002221 476c                  Options.compression_opts.level: 32767
2026/06/11-14:52:22.002225 476c               Options.compression_opts.strategy: 0
2026/06/11-14:52:22.002228 476c         Options.compression_opts.max_dict_bytes: 0
2026/06/11-14:52:22.002231 476c         Options.compression_opts.zstd_max_train_bytes: 0
2026/06/11-14:52:22.002235 476c         Options.compression_opts.use_zstd_dict_trainer: true
2026/06/11-14:52:22.002238 476c         Options.compression_opts.parallel_threads: 1
2026/06/11-14:52:22.002241 476c                  Options.compression_opts.enabled: false
2026/06/11-14:52:22.002245 476c         Options.compression_opts.max_dict_buffer_bytes: 0
2026/06/11-14:52:22.002248 476c      Options.level0_file_num_compaction_trigger: 2
2026/06/11-14:52:22.002293 476c          Options.level0_slowdown_writes_trigger: 20
2026/06/11-14:52:22.002299 476c              Options.level0_stop_writes_trigger: 36
2026/06/11-14:52:22.002302 476c                   Options.target_file_size_base: 67108864
2026/06/11-14:52:22.002306 476c             Options.target_file_size_multiplier: 1
2026/06/11-14:52:22.002309 476c            Options.target_file_size_is_upper_bound: 0
2026/06/11-14:52:22.002313 476c                Options.max_bytes_for_level_base: 536870912
2026/06/11-14:52:22.002316 476c Options.level_compaction_dynamic_level_bytes: 1
2026/06/11-14:52:22.002320 476c          Options.max_bytes_for_level_multiplier: 10.000000
2026/06/11-14:52:22.002324 476c Options.max_bytes_for_level_multiplier_addtl[0]: 1
2026/06/11-14:52:22.002328 476c Options.max_bytes_for_level_multiplier_addtl[1]: 1
2026/06/11-14:52:22.002331 476c Options.max_bytes_for_level_multiplier_addtl[2]: 1
2026/06/11-14:52:22.002335 476c Options.max_bytes_for_level_multiplier_addtl[3]: 1
2026/06/11-14:52:22.002338 476c Options.max_bytes_for_level_multiplier_addtl[4]: 1
2026/06/11-14:52:22.002342 476c Options.max_bytes_for_level_multiplier_addtl[5]: 1
2026/06/11-14:52:22.002346 476c Options.max_bytes_for_level_multiplier_addtl[6]: 1
2026/06/11-14:52:22.002350 476c       Options.max_sequential_skip_in_iterations: 8
2026/06/11-14:52:22.002354 476c          Options.memtable_op_scan_flush_trigger: 0
2026/06/11-14:52:22.002358 476c      Options.memtable_avg_op_scan_flush_trigger: 0
2026/06/11-14:52:22.002362 476c                    Options.max_compaction_bytes: 1677721600
2026/06/11-14:52:22.002365 476c                        Options.arena_block_size: 1048576
2026/06/11-14:52:22.002369 476c   Options.soft_pending_compaction_bytes_limit: 68719476736
2026/06/11-14:52:22.002372 476c   Options.hard_pending_compaction_bytes_limit: 274877906944
2026/06/11-14:52:22.002376 476c                Options.disable_auto_compactions: 0
2026/06/11-14:52:22.002380 476c                        Options.compaction_style: kCompactionStyleLevel
2026/06/11-14:52:22.002384 476c                          Options.compaction_pri: kMinOverlappingRatio
2026/06/11-14:52:22.002387 476c Options.compaction_options_universal.size_ratio: 1
2026/06/11-14:52:22.002391 476c Options.compaction_options_universal.min_merge_width: 2
2026/06/11-14:52:22.002394 476c Options.compaction_options_universal.max_merge_width: 4294967295
2026/06/11-14:52:22.002398 476c Options.compaction_options_universal.max_size_amplification_percent: 200
2026/06/11-14:52:22.002401 476c Options.compaction_options_universal.compression_size_percent: -1
2026/06/11-14:52:22.002405 476c Options.compaction_options_universal.stop_style: kCompactionStopStyleTotalSize
2026/06/11-14:52:22.002409 476c Options.compaction_options_universal.max_read_amp: -1
2026/06/11-14:52:22.002413 476c Options.compaction_options_universal.reduce_file_locking: 1
2026/06/11-14:52:22.002416 476c Options.compaction_options_fifo.max_table_files_size: 1073741824
2026/06/11-14:52:22.002419 476c Options.compaction_options_fifo.allow_compaction: 0
2026/06/11-14:52:22.002427 476c                   Options.table_properties_collectors: 
2026/06/11-14:52:22.002431 476c                   Options.inplace_update_support: 0
2026/06/11-14:52:22.002434 476c                 Options.inplace_update_num_locks: 10000
2026/06/11-14:52:22.002438 476c               Options.memtable_prefix_bloom_size_ratio: 0.020000
2026/06/11-14:52:22.002442 476c               Options.memtable_whole_key_filtering: 1
2026/06/11-14:52:22.002445 476c   Options.memtable_huge_page_size: 0
2026/06/11-14:52:22.002449 476c                           Options.bloom_locality: 0
2026/06/11-14:52:22.002452 476c                    Options.max_successive_merges: 0
2026/06/11-14:52:22.002456 476c             Options.strict_max_successive_merges: 0
2026/06/11-14:52:22.002459 476c                Options.optimize_filters_for_hits: 0
2026/06/11-14:52:22.002462 476c                Options.paranoid_file_checks: 0
2026/06/11-14:52:22.002465 476c                Options.force_consistency_checks: 1
2026/06/11-14:52:22.002482 476c                Options.report_bg_io_stats: 0
2026/06/11-14:52:22.002487 476c                Options.disallow_memtable_writes: 0
2026/06/11-14:52:22.002490 476c                               Options.ttl: 2592000
2026/06/11-14:52:22.002493 476c          Options.periodic_compaction_seconds: 0
2026/06/11-14:52:22.002497 476c                        Options.default_temperature: kUnknown
2026/06/11-14:52:22.002500 476c  Options.preclude_last_level_data_seconds: 0
2026/06/11-14:52:22.002504 476c    Options.preserve_internal_time_seconds: 0
2026/06/11-14:52:22.002508 476c                       Options.enable_blob_files: false
2026/06/11-14:52:22.002511 476c                           Options.min_blob_size: 0
2026/06/11-14:52:22.002515 476c                          Options.blob_file_size: 268435456
2026/06/11-14:52:22.002520 476c                   Options.blob_compression_type: NoCompression
2026/06/11-14:52:22.002525 476c          Options.enable_blob_garbage_collection: false
2026/06/11-14:52:22.002531 476c      Options.blob_garbage_collection_age_cutoff: 0.250000
2026/06/11-14:52:22.002536 476c Options.blob_garbage_collection_force_threshold: 1.000000
2026/06/11-14:52:22.002542 476c          Options.blob_compaction_readahead_size: 0
2026/06/11-14:52:22.002546 476c                Options.blob_file_starting_level: 0
2026/06/11-14:52:22.002551 476c         Options.experimental_mempurge_threshold: 0.000000
2026/06/11-14:52:22.002557 476c            Options.memtable_max_range_deletions: 0
2026/06/11-14:52:22.002561 476c                  Options.cf_allow_ingest_behind: false
2026/06/11-14:52:22.003527 476c               Options.comparator: leveldb.BytewiseComparator
2026/06/11-14:52:22.003557 476c           Options.merge_operator: None
2026/06/11-14:52:22.003561 476c        Options.compaction_filter: None
2026/06/11-14:52:22.003564 476c        Options.compaction_filter_factory: None
2026/06/11-14:52:22.003567 476c  Options.sst_partitioner_factory: None
2026/06/11-14:52:22.003572 476c         Options.memtable_factory: SkipListFactory
2026/06/11-14:52:22.003575 476c            Options.table_factory: BlockBasedTable
2026/06/11-14:52:22.003606 476c            table_factory options:   flush_block_policy_factory: FlushBlockBySizePolicyFactory (000001A93AE99850)
  cache_index_and_filter_blocks: 0
  cache_index_and_filter_blocks_with_high_priority: 1
  pin_l0_filter_and_index_blocks_in_cache: 0
  pin_top_level_index_and_filter: 1
  index_type: 0
  data_block_index_type: 0
  index_shortening: 1
  data_block_hash_table_util_ratio: 0.750000
  checksum: 4
  no_block_cache: 0
  block_cache: 000001A9389FFCF0
  block_cache_name: AutoHyperClockCache
  block_cache_options:
    capacity : 33554432
    num_shard_bits : 0
    strict_capacity_limit : 0
    memory_allocator : None
  persistent_cache: 0000000000000000
  block_size: 4096
  block_size_deviation: 10
  block_restart_interval: 16
  index_block_restart_interval: 16
  metadata_block_size: 4096
  partition_filters: 0
  use_delta_encoding: 1
