2026/06/11-14:40:33.721357 5afc RocksDB version: 11.0.4
2026/06/11-14:40:33.721666 5afc DB SUMMARY
2026/06/11-14:40:33.721696 5afc Host name (Env):  SMART-LYNC
2026/06/11-14:40:33.721711 5afc DB Session ID:  1GUITDIX8AT87090U15U
2026/06/11-14:40:33.724497 5afc CURRENT file:  CURRENT
2026/06/11-14:40:33.724585 5afc IDENTITY file:  IDENTITY
2026/06/11-14:40:33.724782 5afc MANIFEST file:  MANIFEST-000101 size: 1814 Bytes
2026/06/11-14:40:33.724805 5afc SST files in .cataforge\kg\store dir, Total Num: 5, files: 000020.sst 000082.sst 000083.sst 000084.sst 000085.sst 
2026/06/11-14:40:33.724820 5afc Write Ahead Log file in .cataforge\kg\store: 000100.log size: 76143 ; 
2026/06/11-14:40:33.724842 5afc                         Options.error_if_exists: 0
2026/06/11-14:40:33.725064 5afc                       Options.create_if_missing: 1
2026/06/11-14:40:33.725078 5afc                         Options.paranoid_checks: 1
2026/06/11-14:40:33.725084 5afc             Options.flush_verify_memtable_count: 1
2026/06/11-14:40:33.725090 5afc          Options.compaction_verify_record_count: 1
2026/06/11-14:40:33.725299 5afc                               Options.track_and_verify_wals_in_manifest: 0
2026/06/11-14:40:33.725313 5afc                               Options.track_and_verify_wals: 0
2026/06/11-14:40:33.725319 5afc        Options.verify_sst_unique_id_in_manifest: 1
2026/06/11-14:40:33.725325 5afc                                     Options.env: 000001B90068D510
2026/06/11-14:40:33.725332 5afc                                      Options.fs: WinFS
2026/06/11-14:40:33.725339 5afc                                Options.info_log: 000001B900DB8610
2026/06/11-14:40:33.725346 5afc                Options.max_file_opening_threads: 16
2026/06/11-14:40:33.725615 5afc                              Options.statistics: 0000000000000000
2026/06/11-14:40:33.725633 5afc                               Options.use_fsync: 0
2026/06/11-14:40:33.725642 5afc                       Options.max_log_file_size: 1048576
2026/06/11-14:40:33.725648 5afc                   Options.log_file_time_to_roll: 0
2026/06/11-14:40:33.725653 5afc                       Options.keep_log_file_num: 1000
2026/06/11-14:40:33.725658 5afc                    Options.recycle_log_file_num: 10
2026/06/11-14:40:33.725664 5afc                         Options.allow_fallocate: 1
2026/06/11-14:40:33.725669 5afc                        Options.allow_mmap_reads: 0
2026/06/11-14:40:33.725676 5afc                       Options.allow_mmap_writes: 0
2026/06/11-14:40:33.725682 5afc                        Options.use_direct_reads: 0
2026/06/11-14:40:33.725688 5afc                        Options.use_direct_io_for_flush_and_compaction: 0
2026/06/11-14:40:33.725694 5afc          Options.create_missing_column_families: 1
2026/06/11-14:40:33.725700 5afc                              Options.db_log_dir: 
2026/06/11-14:40:33.725705 5afc                                 Options.wal_dir: 
2026/06/11-14:40:33.725710 5afc                Options.table_cache_numshardbits: 6
2026/06/11-14:40:33.725716 5afc                         Options.WAL_ttl_seconds: 0
2026/06/11-14:40:33.725722 5afc                       Options.WAL_size_limit_MB: 0
2026/06/11-14:40:33.725728 5afc                        Options.max_write_batch_group_size_bytes: 1048576
2026/06/11-14:40:33.725733 5afc                     Options.is_fd_close_on_exec: 1
2026/06/11-14:40:33.725739 5afc                   Options.advise_random_on_open: 1
2026/06/11-14:40:33.725744 5afc                    Options.db_write_buffer_size: 0
2026/06/11-14:40:33.725751 5afc                    Options.write_buffer_manager: 000001B90068D6F0
2026/06/11-14:40:33.725859 5afc                      Options.use_adaptive_mutex: 0
2026/06/11-14:40:33.725867 5afc                            Options.rate_limiter: 0000000000000000
2026/06/11-14:40:33.725874 5afc     Options.sst_file_manager.rate_bytes_per_sec: 0
2026/06/11-14:40:33.725879 5afc                       Options.wal_recovery_mode: 2
2026/06/11-14:40:33.725886 5afc                  Options.enable_thread_tracking: 0
2026/06/11-14:40:33.725892 5afc                  Options.enable_pipelined_write: 0
2026/06/11-14:40:33.725962 5afc                  Options.unordered_write: 0
2026/06/11-14:40:33.725973 5afc         Options.allow_concurrent_memtable_write: 1
2026/06/11-14:40:33.725979 5afc      Options.enable_write_thread_adaptive_yield: 1
2026/06/11-14:40:33.725985 5afc             Options.write_thread_max_yield_usec: 100
2026/06/11-14:40:33.725991 5afc            Options.write_thread_slow_yield_usec: 3
2026/06/11-14:40:33.725997 5afc                               Options.row_cache: None
2026/06/11-14:40:33.726003 5afc                              Options.wal_filter: None
2026/06/11-14:40:33.726008 5afc             Options.avoid_flush_during_recovery: 0
2026/06/11-14:40:33.726013 5afc             Options.allow_ingest_behind: 0
2026/06/11-14:40:33.726018 5afc             Options.two_write_queues: 0
2026/06/11-14:40:33.726024 5afc             Options.manual_wal_flush: 0
2026/06/11-14:40:33.726030 5afc             Options.wal_compression: 0
2026/06/11-14:40:33.726036 5afc             Options.background_close_inactive_wals: 0
2026/06/11-14:40:33.726041 5afc             Options.atomic_flush: 0
2026/06/11-14:40:33.726047 5afc             Options.avoid_unnecessary_blocking_io: 0
2026/06/11-14:40:33.726053 5afc             Options.prefix_seek_opt_in_only: 0
2026/06/11-14:40:33.726059 5afc                 Options.persist_stats_to_disk: 0
2026/06/11-14:40:33.726065 5afc                 Options.write_dbid_to_manifest: 1
2026/06/11-14:40:33.726072 5afc                 Options.write_identity_file: 1
2026/06/11-14:40:33.726078 5afc                 Options.log_readahead_size: 0
2026/06/11-14:40:33.726085 5afc                 Options.file_checksum_gen_factory: Unknown
2026/06/11-14:40:33.726092 5afc                 Options.best_efforts_recovery: 0
2026/06/11-14:40:33.726098 5afc                Options.max_bgerror_resume_count: 2147483647
2026/06/11-14:40:33.726105 5afc            Options.bgerror_resume_retry_interval: 1000000
2026/06/11-14:40:33.726111 5afc             Options.allow_data_in_errors: 0
2026/06/11-14:40:33.726117 5afc             Options.db_host_id: __hostname__
2026/06/11-14:40:33.726124 5afc             Options.enforce_single_del_contracts: true
2026/06/11-14:40:33.726136 5afc             Options.metadata_write_temperature: kUnknown
2026/06/11-14:40:33.726142 5afc             Options.wal_write_temperature: kUnknown
2026/06/11-14:40:33.726149 5afc             Options.max_background_jobs: 8
2026/06/11-14:40:33.726155 5afc             Options.max_background_compactions: -1
2026/06/11-14:40:33.726162 5afc             Options.max_subcompactions: 1
2026/06/11-14:40:33.726168 5afc             Options.avoid_flush_during_shutdown: 0
2026/06/11-14:40:33.726175 5afc           Options.writable_file_max_buffer_size: 1048576
2026/06/11-14:40:33.726192 5afc             Options.delayed_write_rate : 16777216
2026/06/11-14:40:33.726198 5afc             Options.max_total_wal_size: 0
2026/06/11-14:40:33.726205 5afc             Options.delete_obsolete_files_period_micros: 21600000000
2026/06/11-14:40:33.726212 5afc                   Options.stats_dump_period_sec: 600
2026/06/11-14:40:33.726218 5afc                 Options.stats_persist_period_sec: 600
2026/06/11-14:40:33.726224 5afc                 Options.stats_history_buffer_size: 1048576
2026/06/11-14:40:33.726230 5afc                          Options.max_open_files: 464
2026/06/11-14:40:33.726236 5afc                          Options.bytes_per_sync: 0
2026/06/11-14:40:33.726242 5afc                      Options.wal_bytes_per_sync: 0
2026/06/11-14:40:33.726251 5afc                   Options.strict_bytes_per_sync: 0
2026/06/11-14:40:33.726258 5afc       Options.compaction_readahead_size: 2097152
2026/06/11-14:40:33.726264 5afc                  Options.max_background_flushes: -1
2026/06/11-14:40:33.726271 5afc                  Options.max_manifest_file_size: 1073741824
2026/06/11-14:40:33.726277 5afc                  Options.max_manifest_space_amp_pct: 500
2026/06/11-14:40:33.726284 5afc             Options.manifest_preallocation_size: 4194304
2026/06/11-14:40:33.726329 5afc Options.daily_offpeak_time_utc: 
2026/06/11-14:40:33.726343 5afc Compression algorithms supported:
2026/06/11-14:40:33.726351 5afc 	kZSTD supported: 0
2026/06/11-14:40:33.726361 5afc 	kCustomCompressionA3 supported: 0
2026/06/11-14:40:33.726367 5afc 	kSnappyCompression supported: 0
2026/06/11-14:40:33.726374 5afc 	kCustomCompressionA5 supported: 0
2026/06/11-14:40:33.726380 5afc 	kBZip2Compression supported: 0
2026/06/11-14:40:33.726386 5afc 	kZlibCompression supported: 0
2026/06/11-14:40:33.726391 5afc 	kLZ4Compression supported: 1
2026/06/11-14:40:33.726398 5afc 	kXpressCompression supported: 0
2026/06/11-14:40:33.726404 5afc 	kCustomCompressionA7 supported: 0
2026/06/11-14:40:33.726411 5afc 	kLZ4HCCompression supported: 1
2026/06/11-14:40:33.726417 5afc 	kCustomCompressionB2 supported: 0
2026/06/11-14:40:33.726423 5afc 	kCustomCompression9C supported: 0
2026/06/11-14:40:33.726430 5afc 	kCustomCompression80 supported: 0
2026/06/11-14:40:33.726436 5afc 	kCustomCompressionB3 supported: 0
2026/06/11-14:40:33.726442 5afc 	kCustomCompression9B supported: 0
2026/06/11-14:40:33.726449 5afc 	kCustomCompression81 supported: 0
2026/06/11-14:40:33.726456 5afc 	kCustomCompressionB0 supported: 0
2026/06/11-14:40:33.726461 5afc 	kCustomCompression9A supported: 0
2026/06/11-14:40:33.726467 5afc 	kCustomCompression82 supported: 0
2026/06/11-14:40:33.726473 5afc 	kCustomCompressionB1 supported: 0
2026/06/11-14:40:33.726478 5afc 	kCustomCompression83 supported: 0
2026/06/11-14:40:33.726484 5afc 	kCustomCompressionB6 supported: 0
2026/06/11-14:40:33.726490 5afc 	kCustomCompression84 supported: 0
2026/06/11-14:40:33.726496 5afc 	kCustomCompressionB7 supported: 0
2026/06/11-14:40:33.726502 5afc 	kCustomCompression9F supported: 0
2026/06/11-14:40:33.726508 5afc 	kCustomCompression85 supported: 0
2026/06/11-14:40:33.726514 5afc 	kCustomCompressionB4 supported: 0
2026/06/11-14:40:33.726520 5afc 	kCustomCompression9E supported: 0
2026/06/11-14:40:33.726526 5afc 	kCustomCompression86 supported: 0
2026/06/11-14:40:33.726532 5afc 	kCustomCompressionB5 supported: 0
2026/06/11-14:40:33.726537 5afc 	kCustomCompression9D supported: 0
2026/06/11-14:40:33.726543 5afc 	kCustomCompression87 supported: 0
2026/06/11-14:40:33.726550 5afc 	kCustomCompression88 supported: 0
2026/06/11-14:40:33.726556 5afc 	kCustomCompression89 supported: 0
2026/06/11-14:40:33.726562 5afc 	kCustomCompression92 supported: 0
2026/06/11-14:40:33.726568 5afc 	kCustomCompression8A supported: 0
2026/06/11-14:40:33.726575 5afc 	kCustomCompression91 supported: 0
2026/06/11-14:40:33.726582 5afc 	kCustomCompression8B supported: 0
2026/06/11-14:40:33.726588 5afc 	kCustomCompression90 supported: 0
2026/06/11-14:40:33.726594 5afc 	kCustomCompression8C supported: 0
2026/06/11-14:40:33.726600 5afc 	kCustomCompression97 supported: 0
2026/06/11-14:40:33.726606 5afc 	kCustomCompression8D supported: 0
2026/06/11-14:40:33.726612 5afc 	kCustomCompression96 supported: 0
2026/06/11-14:40:33.726619 5afc 	kCustomCompression8E supported: 0
2026/06/11-14:40:33.726625 5afc 	kCustomCompression95 supported: 0
2026/06/11-14:40:33.726630 5afc 	kCustomCompression8F supported: 0
2026/06/11-14:40:33.726637 5afc 	kCustomCompression93 supported: 0
2026/06/11-14:40:33.726643 5afc 	kCustomCompression94 supported: 0
2026/06/11-14:40:33.726649 5afc 	kCustomCompression98 supported: 0
2026/06/11-14:40:33.726655 5afc 	kCustomCompression99 supported: 0
2026/06/11-14:40:33.726662 5afc 	kCustomCompressionA0 supported: 0
2026/06/11-14:40:33.726668 5afc 	kCustomCompressionA1 supported: 0
2026/06/11-14:40:33.726673 5afc 	kCustomCompressionA2 supported: 0
2026/06/11-14:40:33.726679 5afc 	kCustomCompressionA4 supported: 0
2026/06/11-14:40:33.726685 5afc 	kCustomCompressionA6 supported: 0
2026/06/11-14:40:33.726692 5afc 	kCustomCompressionA8 supported: 0
2026/06/11-14:40:33.726698 5afc 	kCustomCompressionA9 supported: 0
2026/06/11-14:40:33.726704 5afc 	kCustomCompressionAA supported: 0
2026/06/11-14:40:33.726710 5afc 	kCustomCompressionAB supported: 0
2026/06/11-14:40:33.726716 5afc 	kCustomCompressionAC supported: 0
2026/06/11-14:40:33.726727 5afc 	kCustomCompressionAD supported: 0
2026/06/11-14:40:33.726734 5afc 	kCustomCompressionAE supported: 0
2026/06/11-14:40:33.726740 5afc 	kCustomCompressionAF supported: 0
2026/06/11-14:40:33.726746 5afc 	kCustomCompressionB8 supported: 0
2026/06/11-14:40:33.726752 5afc 	kCustomCompressionB9 supported: 0
2026/06/11-14:40:33.726759 5afc 	kCustomCompressionBA supported: 0
2026/06/11-14:40:33.726764 5afc 	kCustomCompressionBB supported: 0
2026/06/11-14:40:33.726770 5afc 	kCustomCompressionBC supported: 0
2026/06/11-14:40:33.726775 5afc 	kCustomCompressionBD supported: 0
2026/06/11-14:40:33.726781 5afc 	kCustomCompressionBE supported: 0
2026/06/11-14:40:33.726787 5afc 	kCustomCompressionBF supported: 0
2026/06/11-14:40:33.726794 5afc 	kCustomCompressionC0 supported: 0
2026/06/11-14:40:33.726799 5afc 	kCustomCompressionC1 supported: 0
2026/06/11-14:40:33.726805 5afc 	kCustomCompressionC2 supported: 0
2026/06/11-14:40:33.726811 5afc 	kCustomCompressionC3 supported: 0
2026/06/11-14:40:33.726817 5afc 	kCustomCompressionC4 supported: 0
2026/06/11-14:40:33.726824 5afc 	kCustomCompressionC5 supported: 0
2026/06/11-14:40:33.726829 5afc 	kCustomCompressionC6 supported: 0
2026/06/11-14:40:33.726835 5afc 	kCustomCompressionC7 supported: 0
2026/06/11-14:40:33.726841 5afc 	kCustomCompressionC8 supported: 0
2026/06/11-14:40:33.726847 5afc 	kCustomCompressionC9 supported: 0
2026/06/11-14:40:33.726853 5afc 	kCustomCompressionCA supported: 0
2026/06/11-14:40:33.726858 5afc 	kCustomCompressionCB supported: 0
2026/06/11-14:40:33.726864 5afc 	kCustomCompressionCC supported: 0
2026/06/11-14:40:33.726870 5afc 	kCustomCompressionCD supported: 0
2026/06/11-14:40:33.726876 5afc 	kCustomCompressionCE supported: 0
2026/06/11-14:40:33.726881 5afc 	kCustomCompressionCF supported: 0
2026/06/11-14:40:33.726886 5afc 	kCustomCompressionD0 supported: 0
2026/06/11-14:40:33.726892 5afc 	kCustomCompressionD1 supported: 0
2026/06/11-14:40:33.726898 5afc 	kCustomCompressionD2 supported: 0
2026/06/11-14:40:33.726904 5afc 	kCustomCompressionD3 supported: 0
2026/06/11-14:40:33.726910 5afc 	kCustomCompressionD4 supported: 0
2026/06/11-14:40:33.726916 5afc 	kCustomCompressionD5 supported: 0
2026/06/11-14:40:33.726922 5afc 	kCustomCompressionD6 supported: 0
2026/06/11-14:40:33.726928 5afc 	kCustomCompressionD7 supported: 0
2026/06/11-14:40:33.726933 5afc 	kCustomCompressionD8 supported: 0
2026/06/11-14:40:33.726965 5afc 	kCustomCompressionD9 supported: 0
2026/06/11-14:40:33.726973 5afc 	kCustomCompressionDA supported: 0
2026/06/11-14:40:33.726978 5afc 	kCustomCompressionDB supported: 0
2026/06/11-14:40:33.726983 5afc 	kCustomCompressionDC supported: 0
2026/06/11-14:40:33.726989 5afc 	kCustomCompressionDD supported: 0
2026/06/11-14:40:33.726994 5afc 	kCustomCompressionDE supported: 0
2026/06/11-14:40:33.727000 5afc 	kCustomCompressionDF supported: 0
2026/06/11-14:40:33.727005 5afc 	kCustomCompressionE0 supported: 0
2026/06/11-14:40:33.727010 5afc 	kCustomCompressionE1 supported: 0
2026/06/11-14:40:33.727016 5afc 	kCustomCompressionE2 supported: 0
2026/06/11-14:40:33.727022 5afc 	kCustomCompressionE3 supported: 0
2026/06/11-14:40:33.727027 5afc 	kCustomCompressionE4 supported: 0
2026/06/11-14:40:33.727033 5afc 	kCustomCompressionE5 supported: 0
2026/06/11-14:40:33.727038 5afc 	kCustomCompressionE6 supported: 0
2026/06/11-14:40:33.727044 5afc 	kCustomCompressionE7 supported: 0
2026/06/11-14:40:33.727050 5afc 	kCustomCompressionE8 supported: 0
2026/06/11-14:40:33.727056 5afc 	kCustomCompressionE9 supported: 0
2026/06/11-14:40:33.727061 5afc 	kCustomCompressionEA supported: 0
2026/06/11-14:40:33.727067 5afc 	kCustomCompressionEB supported: 0
2026/06/11-14:40:33.727073 5afc 	kCustomCompressionEC supported: 0
2026/06/11-14:40:33.727079 5afc 	kCustomCompressionED supported: 0
2026/06/11-14:40:33.727084 5afc 	kCustomCompressionEE supported: 0
2026/06/11-14:40:33.727090 5afc 	kCustomCompressionEF supported: 0
2026/06/11-14:40:33.727096 5afc 	kCustomCompressionF0 supported: 0
2026/06/11-14:40:33.727101 5afc 	kCustomCompressionF1 supported: 0
2026/06/11-14:40:33.727156 5afc 	kCustomCompressionF2 supported: 0
2026/06/11-14:40:33.727166 5afc 	kCustomCompressionF3 supported: 0
2026/06/11-14:40:33.727173 5afc 	kCustomCompressionF4 supported: 0
2026/06/11-14:40:33.727178 5afc 	kCustomCompressionF5 supported: 0
2026/06/11-14:40:33.727184 5afc 	kCustomCompressionF6 supported: 0
2026/06/11-14:40:33.727190 5afc 	kCustomCompressionF7 supported: 0
2026/06/11-14:40:33.727196 5afc 	kCustomCompressionF8 supported: 0
2026/06/11-14:40:33.727201 5afc 	kCustomCompressionF9 supported: 0
2026/06/11-14:40:33.727207 5afc 	kCustomCompressionFA supported: 0
2026/06/11-14:40:33.727214 5afc 	kCustomCompressionFB supported: 0
2026/06/11-14:40:33.727220 5afc 	kCustomCompressionFC supported: 0
2026/06/11-14:40:33.727226 5afc 	kCustomCompressionFD supported: 0
2026/06/11-14:40:33.727231 5afc 	kCustomCompressionFE supported: 0
2026/06/11-14:40:33.727245 5afc Fast CRC32 supported: Not supported on x86
2026/06/11-14:40:33.727252 5afc DMutex implementation: std::mutex
2026/06/11-14:40:33.727257 5afc Jemalloc supported: 0
2026/06/11-14:40:33.818368 5afc               Options.comparator: leveldb.BytewiseComparator
2026/06/11-14:40:33.818399 5afc           Options.merge_operator: None
2026/06/11-14:40:33.818407 5afc        Options.compaction_filter: None
2026/06/11-14:40:33.818413 5afc        Options.compaction_filter_factory: None
2026/06/11-14:40:33.818418 5afc  Options.sst_partitioner_factory: None
2026/06/11-14:40:33.818425 5afc         Options.memtable_factory: SkipListFactory
2026/06/11-14:40:33.818430 5afc            Options.table_factory: BlockBasedTable
2026/06/11-14:40:33.818521 5afc            table_factory options:   flush_block_policy_factory: FlushBlockBySizePolicyFactory (000001B9033C18D0)
  cache_index_and_filter_blocks: 0
  cache_index_and_filter_blocks_with_high_priority: 1
  pin_l0_filter_and_index_blocks_in_cache: 0
  pin_top_level_index_and_filter: 1
  index_type: 0
  data_block_index_type: 0
  index_shortening: 1
  data_block_hash_table_util_ratio: 0.750000
  checksum: 4
  no_block_cache: 0
  block_cache: 000001B9033BD900
  block_cache_name: AutoHyperClockCache
  block_cache_options:
    capacity : 33554432
    num_shard_bits : 0
    strict_capacity_limit : 0
    memory_allocator : None
  persistent_cache: 0000000000000000
  block_size: 4096
  block_size_deviation: 10
  block_restart_interval: 16
  index_block_restart_interval: 16
  metadata_block_size: 4096
  partition_filters: 0
  use_delta_encoding: 1
  filter_policy: nullptr
  user_defined_index_factory: nullptr
  fail_if_no_udi_on_open: 0
  whole_key_filtering: 1
  verify_compression: 0
  read_amp_bytes_per_bit: 0
  format_version: 5
  enable_index_compression: 1
  block_align: 0
  super_block_alignment_size: 0
  super_block_alignment_space_overhead_ratio: 128
  max_auto_readahead_size: 262144
  prepopulate_block_cache: 0
  initial_auto_readahead_size: 8192
  num_file_reads_for_auto_readahead: 2
2026/06/11-14:40:33.818579 5afc        Options.write_buffer_size: 134217728
2026/06/11-14:40:33.818589 5afc  Options.max_write_buffer_number: 6
2026/06/11-14:40:33.818600 5afc        Options.compression[0]: NoCompression
2026/06/11-14:40:33.818606 5afc        Options.compression[1]: NoCompression
2026/06/11-14:40:33.818612 5afc        Options.compression[2]: LZ4
2026/06/11-14:40:33.818618 5afc        Options.compression[3]: LZ4
2026/06/11-14:40:33.818624 5afc        Options.compression[4]: LZ4
2026/06/11-14:40:33.818667 5afc        Options.compression[5]: LZ4
2026/06/11-14:40:33.818689 5afc        Options.compression[6]: LZ4
2026/06/11-14:40:33.818697 5afc                  Options.bottommost_compression: Disabled
2026/06/11-14:40:33.820311 5afc       Options.prefix_extractor: nullptr
2026/06/11-14:40:33.820335 5afc   Options.memtable_insert_with_hint_prefix_extractor: nullptr
2026/06/11-14:40:33.820343 5afc             Options.num_levels: 7
2026/06/11-14:40:33.820350 5afc        Options.min_write_buffer_number_to_merge: 2
2026/06/11-14:40:33.820389 5afc     Options.max_write_buffer_size_to_maintain: 0
2026/06/11-14:40:33.820410 5afc            Options.bottommost_compression_opts.window_bits: -14
2026/06/11-14:40:33.820421 5afc                  Options.bottommost_compression_opts.level: 32767
2026/06/11-14:40:33.820428 5afc               Options.bottommost_compression_opts.strategy: 0
2026/06/11-14:40:33.820435 5afc         Options.bottommost_compression_opts.max_dict_bytes: 0
2026/06/11-14:40:33.820442 5afc         Options.bottommost_compression_opts.zstd_max_train_bytes: 0
2026/06/11-14:40:33.820448 5afc         Options.bottommost_compression_opts.parallel_threads: 1
2026/06/11-14:40:33.820455 5afc                  Options.bottommost_compression_opts.enabled: false
2026/06/11-14:40:33.820461 5afc         Options.bottommost_compression_opts.max_dict_buffer_bytes: 0
2026/06/11-14:40:33.820467 5afc         Options.bottommost_compression_opts.use_zstd_dict_trainer: true
2026/06/11-14:40:33.820473 5afc            Options.compression_opts.window_bits: -14
2026/06/11-14:40:33.820479 5afc                  Options.compression_opts.level: 32767
2026/06/11-14:40:33.820485 5afc               Options.compression_opts.strategy: 0
2026/06/11-14:40:33.820491 5afc         Options.compression_opts.max_dict_bytes: 0
2026/06/11-14:40:33.820497 5afc         Options.compression_opts.zstd_max_train_bytes: 0
2026/06/11-14:40:33.820503 5afc         Options.compression_opts.use_zstd_dict_trainer: true
2026/06/11-14:40:33.820509 5afc         Options.compression_opts.parallel_threads: 1
2026/06/11-14:40:33.820515 5afc                  Options.compression_opts.enabled: false
2026/06/11-14:40:33.820521 5afc         Options.compression_opts.max_dict_buffer_bytes: 0
2026/06/11-14:40:33.820528 5afc      Options.level0_file_num_compaction_trigger: 2
2026/06/11-14:40:33.820535 5afc          Options.level0_slowdown_writes_trigger: 20
2026/06/11-14:40:33.820542 5afc              Options.level0_stop_writes_trigger: 36
2026/06/11-14:40:33.820548 5afc                   Options.target_file_size_base: 67108864
2026/06/11-14:40:33.820553 5afc             Options.target_file_size_multiplier: 1
2026/06/11-14:40:33.820559 5afc            Options.target_file_size_is_upper_bound: 0
2026/06/11-14:40:33.820565 5afc                Options.max_bytes_for_level_base: 536870912
2026/06/11-14:40:33.820571 5afc Options.level_compaction_dynamic_level_bytes: 1
2026/06/11-14:40:33.820635 5afc          Options.max_bytes_for_level_multiplier: 10.000000
2026/06/11-14:40:33.820645 5afc Options.max_bytes_for_level_multiplier_addtl[0]: 1
2026/06/11-14:40:33.820651 5afc Options.max_bytes_for_level_multiplier_addtl[1]: 1
2026/06/11-14:40:33.820657 5afc Options.max_bytes_for_level_multiplier_addtl[2]: 1
2026/06/11-14:40:33.820666 5afc Options.max_bytes_for_level_multiplier_addtl[3]: 1
2026/06/11-14:40:33.820672 5afc Options.max_bytes_for_level_multiplier_addtl[4]: 1
2026/06/11-14:40:33.820678 5afc Options.max_bytes_for_level_multiplier_addtl[5]: 1
2026/06/11-14:40:33.820729 5afc Options.max_bytes_for_level_multiplier_addtl[6]: 1
2026/06/11-14:40:33.820738 5afc       Options.max_sequential_skip_in_iterations: 8
2026/06/11-14:40:33.820745 5afc          Options.memtable_op_scan_flush_trigger: 0
2026/06/11-14:40:33.820753 5afc      Options.memtable_avg_op_scan_flush_trigger: 0
2026/06/11-14:40:33.820762 5afc                    Options.max_compaction_bytes: 1677721600
2026/06/11-14:40:33.820770 5afc                        Options.arena_block_size: 1048576
2026/06/11-14:40:33.820776 5afc   Options.soft_pending_compaction_bytes_limit: 68719476736
2026/06/11-14:40:33.820850 5afc   Options.hard_pending_compaction_bytes_limit: 274877906944
2026/06/11-14:40:33.820860 5afc                Options.disable_auto_compactions: 0
2026/06/11-14:40:33.820870 5afc                        Options.compaction_style: kCompactionStyleLevel
2026/06/11-14:40:33.820878 5afc                          Options.compaction_pri: kMinOverlappingRatio
2026/06/11-14:40:33.820885 5afc Options.compaction_options_universal.size_ratio: 1
2026/06/11-14:40:33.820892 5afc Options.compaction_options_universal.min_merge_width: 2
2026/06/11-14:40:33.820947 5afc Options.compaction_options_universal.max_merge_width: 4294967295
2026/06/11-14:40:33.820962 5afc Options.compaction_options_universal.max_size_amplification_percent: 200
2026/06/11-14:40:33.820969 5afc Options.compaction_options_universal.compression_size_percent: -1
2026/06/11-14:40:33.820978 5afc Options.compaction_options_universal.stop_style: kCompactionStopStyleTotalSize
2026/06/11-14:40:33.820985 5afc Options.compaction_options_universal.max_read_amp: -1
2026/06/11-14:40:33.820991 5afc Options.compaction_options_universal.reduce_file_locking: 1
2026/06/11-14:40:33.821046 5afc Options.compaction_options_fifo.max_table_files_size: 1073741824
2026/06/11-14:40:33.821056 5afc Options.compaction_options_fifo.allow_compaction: 0
2026/06/11-14:40:33.821068 5afc                   Options.table_properties_collectors: 
2026/06/11-14:40:33.821074 5afc                   Options.inplace_update_support: 0
2026/06/11-14:40:33.821080 5afc                 Options.inplace_update_num_locks: 10000
2026/06/11-14:40:33.821087 5afc               Options.memtable_prefix_bloom_size_ratio: 0.000000
2026/06/11-14:40:33.821141 5afc               Options.memtable_whole_key_filtering: 0
2026/06/11-14:40:33.821152 5afc   Options.memtable_huge_page_size: 0
2026/06/11-14:40:33.821159 5afc                           Options.bloom_locality: 0
2026/06/11-14:40:33.821165 5afc                    Options.max_successive_merges: 0
2026/06/11-14:40:33.821186 5afc             Options.strict_max_successive_merges: 0
2026/06/11-14:40:33.821259 5afc                Options.optimize_filters_for_hits: 0
2026/06/11-14:40:33.821267 5afc                Options.paranoid_file_checks: 0
2026/06/11-14:40:33.821273 5afc                Options.force_consistency_checks: 1
2026/06/11-14:40:33.821279 5afc                Options.report_bg_io_stats: 0
2026/06/11-14:40:33.821285 5afc                Options.disallow_memtable_writes: 0
2026/06/11-14:40:33.821291 5afc                               Options.ttl: 2592000
2026/06/11-14:40:33.821298 5afc          Options.periodic_compaction_seconds: 0
2026/06/11-14:40:33.821648 5afc                        Options.default_temperature: kUnknown
2026/06/11-14:40:33.821658 5afc  Options.preclude_last_level_data_seconds: 0
2026/06/11-14:40:33.821664 5afc    Options.preserve_internal_time_seconds: 0
2026/06/11-14:40:33.821669 5afc                       Options.enable_blob_files: false
2026/06/11-14:40:33.821676 5afc                           Options.min_blob_size: 0
2026/06/11-14:40:33.821682 5afc                          Options.blob_file_size: 268435456
2026/06/11-14:40:33.821689 5afc                   Options.blob_compression_type: NoCompression
2026/06/11-14:40:33.821695 5afc          Options.enable_blob_garbage_collection: false
2026/06/11-14:40:33.821704 5afc      Options.blob_garbage_collection_age_cutoff: 0.250000
2026/06/11-14:40:33.821752 5afc Options.blob_garbage_collection_force_threshold: 1.000000
2026/06/11-14:40:33.821765 5afc          Options.blob_compaction_readahead_size: 0
2026/06/11-14:40:33.821772 5afc                Options.blob_file_starting_level: 0
2026/06/11-14:40:33.821778 5afc         Options.experimental_mempurge_threshold: 0.000000
2026/06/11-14:40:33.821785 5afc            Options.memtable_max_range_deletions: 0
2026/06/11-14:40:33.821791 5afc                  Options.cf_allow_ingest_behind: false
2026/06/11-14:40:33.824330 5afc               Options.comparator: leveldb.BytewiseComparator
2026/06/11-14:40:33.824360 5afc           Options.merge_operator: None
2026/06/11-14:40:33.824368 5afc        Options.compaction_filter: None
2026/06/11-14:40:33.824391 5afc        Options.compaction_filter_factory: None
2026/06/11-14:40:33.824413 5afc  Options.sst_partitioner_factory: None
2026/06/11-14:40:33.824420 5afc         Options.memtable_factory: SkipListFactory
2026/06/11-14:40:33.824427 5afc            Options.table_factory: BlockBasedTable
2026/06/11-14:40:33.824500 5afc            table_factory options:   flush_block_policy_factory: FlushBlockBySizePolicyFactory (000001B9033C1B10)
  cache_index_and_filter_blocks: 0
  cache_index_and_filter_blocks_with_high_priority: 1
  pin_l0_filter_and_index_blocks_in_cache: 0
  pin_top_level_index_and_filter: 1
  index_type: 0
  data_block_index_type: 1
  index_shortening: 1
  data_block_hash_table_util_ratio: 0.750000
  checksum: 4
  no_block_cache: 0
  block_cache: 000001B9033BEA00
  block_cache_name: LRUCache
  block_cache_options:
    capacity : 134217728
    num_shard_bits : 6
    strict_capacity_limit : 0
    memory_allocator : None
    high_pri_pool_ratio: 0.500
    low_pri_pool_ratio: 0.000
  persistent_cache: 0000000000000000
  block_size: 4096
  block_size_deviation: 10
  block_restart_interval: 16
  index_block_restart_interval: 1
  metadata_block_size: 4096
  partition_filters: 0
  use_delta_encoding: 1
  filter_policy: bloomfilter
  user_defined_index_factory: nullptr
  fail_if_no_udi_on_open: 0
  whole_key_filtering: 1
  verify_compression: 0
  read_amp_bytes_per_bit: 0
  format_version: 7
  enable_index_compression: 1
  block_align: 0
  super_block_alignment_size: 0
  super_block_alignment_space_overhead_ratio: 128
  max_auto_readahead_size: 262144
  prepopulate_block_cache: 0
  initial_auto_readahead_size: 8192
  num_file_reads_for_auto_readahead: 2
2026/06/11-14:40:33.824534 5afc        Options.write_buffer_size: 134217728
2026/06/11-14:40:33.824546 5afc  Options.max_write_buffer_number: 6
2026/06/11-14:40:33.824554 5afc        Options.compression[0]: NoCompression
2026/06/11-14:40:33.824560 5afc        Options.compression[1]: NoCompression
2026/06/11-14:40:33.824566 5afc        Options.compression[2]: LZ4
2026/06/11-14:40:33.824586 5afc        Options.compression[3]: LZ4
2026/06/11-14:40:33.824593 5afc        Options.compression[4]: LZ4
2026/06/11-14:40:33.824599 5afc        Options.compression[5]: LZ4
2026/06/11-14:40:33.824605 5afc        Options.compression[6]: LZ4
2026/06/11-14:40:33.824611 5afc                  Options.bottommost_compression: Disabled
2026/06/11-14:40:33.824617 5afc       Options.prefix_extractor: nullptr
2026/06/11-14:40:33.824624 5afc   Options.memtable_insert_with_hint_prefix_extractor: nullptr
2026/06/11-14:40:33.824631 5afc             Options.num_levels: 7
2026/06/11-14:40:33.824636 5afc        Options.min_write_buffer_number_to_merge: 2
2026/06/11-14:40:33.824642 5afc     Options.max_write_buffer_size_to_maintain: 0
2026/06/11-14:40:33.824649 5afc            Options.bottommost_compression_opts.window_bits: -14
2026/06/11-14:40:33.824655 5afc                  Options.bottommost_compression_opts.level: 32767
2026/06/11-14:40:33.824662 5afc               Options.bottommost_compression_opts.strategy: 0
2026/06/11-14:40:33.824699 5afc         Options.bottommost_compression_opts.max_dict_bytes: 0
2026/06/11-14:40:33.824729 5afc         Options.bottommost_compression_opts.zstd_max_train_bytes: 0
2026/06/11-14:40:33.824756 5afc         Options.bottommost_compression_opts.parallel_threads: 1
2026/06/11-14:40:33.824763 5afc                  Options.bottommost_compression_opts.enabled: false
2026/06/11-14:40:33.824770 5afc         Options.bottommost_compression_opts.max_dict_buffer_bytes: 0
2026/06/11-14:40:33.824777 5afc         Options.bottommost_compression_opts.use_zstd_dict_trainer: true
2026/06/11-14:40:33.824784 5afc            Options.compression_opts.window_bits: -14
2026/06/11-14:40:33.824790 5afc                  Options.compression_opts.level: 32767
2026/06/11-14:40:33.824796 5afc               Options.compression_opts.strategy: 0
2026/06/11-14:40:33.824815 5afc         Options.compression_opts.max_dict_bytes: 0
2026/06/11-14:40:33.824826 5afc         Options.compression_opts.zstd_max_train_bytes: 0
2026/06/11-14:40:33.824832 5afc         Options.compression_opts.use_zstd_dict_trainer: true
2026/06/11-14:40:33.824838 5afc         Options.compression_opts.parallel_threads: 1
2026/06/11-14:40:33.824859 5afc                  Options.compression_opts.enabled: false
2026/06/11-14:40:33.824867 5afc         Options.compression_opts.max_dict_buffer_bytes: 0
2026/06/11-14:40:33.824874 5afc      Options.level0_file_num_compaction_trigger: 2
2026/06/11-14:40:33.824969 5afc          Options.level0_slowdown_writes_trigger: 20
2026/06/11-14:40:33.824986 5afc              Options.level0_stop_writes_trigger: 36
2026/06/11-14:40:33.824992 5afc                   Options.target_file_size_base: 67108864
2026/06/11-14:40:33.824998 5afc             Options.target_file_size_multiplier: 1
2026/06/11-14:40:33.825005 5afc            Options.target_file_size_is_upper_bound: 0
2026/06/11-14:40:33.825011 5afc                Options.max_bytes_for_level_base: 536870912
2026/06/11-14:40:33.825017 5afc Options.level_compaction_dynamic_level_bytes: 1
2026/06/11-14:40:33.825025 5afc          Options.max_bytes_for_level_multiplier: 10.000000
2026/06/11-14:40:33.825032 5afc Options.max_bytes_for_level_multiplier_addtl[0]: 1
2026/06/11-14:40:33.825038 5afc Options.max_bytes_for_level_multiplier_addtl[1]: 1
2026/06/11-14:40:33.825045 5afc Options.max_bytes_for_level_multiplier_addtl[2]: 1
2026/06/11-14:40:33.825051 5afc Options.max_bytes_for_level_multiplier_addtl[3]: 1
2026/06/11-14:40:33.825057 5afc Options.max_bytes_for_level_multiplier_addtl[4]: 1
2026/06/11-14:40:33.825063 5afc Options.max_bytes_for_level_multiplier_addtl[5]: 1
2026/06/11-14:40:33.825069 5afc Options.max_bytes_for_level_multiplier_addtl[6]: 1
2026/06/11-14:40:33.825076 5afc       Options.max_sequential_skip_in_iterations: 8
2026/06/11-14:40:33.825083 5afc          Options.memtable_op_scan_flush_trigger: 0
2026/06/11-14:40:33.825089 5afc      Options.memtable_avg_op_scan_flush_trigger: 0
2026/06/11-14:40:33.825095 5afc                    Options.max_compaction_bytes: 1677721600
2026/06/11-14:40:33.825101 5afc                        Options.arena_block_size: 1048576
2026/06/11-14:40:33.825106 5afc   Options.soft_pending_compaction_bytes_limit: 68719476736
2026/06/11-14:40:33.825113 5afc   Options.hard_pending_compaction_bytes_limit: 274877906944
2026/06/11-14:40:33.825119 5afc                Options.disable_auto_compactions: 0
2026/06/11-14:40:33.825126 5afc                        Options.compaction_style: kCompactionStyleLevel
2026/06/11-14:40:33.825133 5afc                          Options.compaction_pri: kMinOverlappingRatio
2026/06/11-14:40:33.825139 5afc Options.compaction_options_universal.size_ratio: 1
2026/06/11-14:40:33.825144 5afc Options.compaction_options_universal.min_merge_width: 2
2026/06/11-14:40:33.825151 5afc Options.compaction_options_universal.max_merge_width: 4294967295
2026/06/11-14:40:33.825157 5afc Options.compaction_options_universal.max_size_amplification_percent: 200
2026/06/11-14:40:33.825164 5afc Options.compaction_options_universal.compression_size_percent: -1
2026/06/11-14:40:33.825170 5afc Options.compaction_options_universal.stop_style: kCompactionStopStyleTotalSize
2026/06/11-14:40:33.825177 5afc Options.compaction_options_universal.max_read_amp: -1
2026/06/11-14:40:33.825218 5afc Options.compaction_options_universal.reduce_file_locking: 1
2026/06/11-14:40:33.825235 5afc Options.compaction_options_fifo.max_table_files_size: 1073741824
2026/06/11-14:40:33.825241 5afc Options.compaction_options_fifo.allow_compaction: 0
2026/06/11-14:40:33.825325 5afc                   Options.table_properties_collectors: 
2026/06/11-14:40:33.825338 5afc                   Options.inplace_update_support: 0
2026/06/11-14:40:33.825345 5afc                 Options.inplace_update_num_locks: 10000
2026/06/11-14:40:33.825370 5afc               Options.memtable_prefix_bloom_size_ratio: 0.020000
2026/06/11-14:40:33.825378 5afc               Options.memtable_whole_key_filtering: 1
2026/06/11-14:40:33.825385 5afc   Options.memtable_huge_page_size: 0
2026/06/11-14:40:33.825392 5afc                           Options.bloom_locality: 0
2026/06/11-14:40:33.825398 5afc                    Options.max_successive_merges: 0
2026/06/11-14:40:33.825404 5afc             Options.strict_max_successive_merges: 0
2026/06/11-14:40:33.825409 5afc                Options.optimize_filters_for_hits: 0
2026/06/11-14:40:33.825415 5afc                Options.paranoid_file_checks: 0
2026/06/11-14:40:33.825421 5afc                Options.force_consistency_checks: 1
2026/06/11-14:40:33.825432 5afc                Options.report_bg_io_stats: 0
2026/06/11-14:40:33.825440 5afc                Options.disallow_memtable_writes: 0
2026/06/11-14:40:33.825446 5afc                               Options.ttl: 2592000
2026/06/11-14:40:33.825452 5afc          Options.periodic_compaction_seconds: 0
2026/06/11-14:40:33.825459 5afc                        Options.default_temperature: kUnknown
2026/06/11-14:40:33.825465 5afc  Options.preclude_last_level_data_seconds: 0
2026/06/11-14:40:33.825471 5afc    Options.preserve_internal_time_seconds: 0
2026/06/11-14:40:33.825477 5afc                       Options.enable_blob_files: false
2026/06/11-14:40:33.825483 5afc                           Options.min_blob_size: 0
2026/06/11-14:40:33.825489 5afc                          Options.blob_file_size: 268435456
2026/06/11-14:40:33.825496 5afc                   Options.blob_compression_type: NoCompression
2026/06/11-14:40:33.825505 5afc          Options.enable_blob_garbage_collection: false
2026/06/11-14:40:33.825513 5afc      Options.blob_garbage_collection_age_cutoff: 0.250000
2026/06/11-14:40:33.825520 5afc Options.blob_garbage_collection_force_threshold: 1.000000
2026/06/11-14:40:33.825527 5afc          Options.blob_compaction_readahead_size: 0
2026/06/11-14:40:33.825534 5afc                Options.blob_file_starting_level: 0
2026/06/11-14:40:33.825541 5afc         Options.experimental_mempurge_threshold: 0.000000
2026/06/11-14:40:33.825547 5afc            Options.memtable_max_range_deletions: 0
2026/06/11-14:40:33.825553 5afc                  Options.cf_allow_ingest_behind: false
2026/06/11-14:40:33.827002 5afc               Options.comparator: leveldb.BytewiseComparator
2026/06/11-14:40:33.827029 5afc           Options.merge_operator: None
2026/06/11-14:40:33.827036 5afc        Options.compaction_filter: None
2026/06/11-14:40:33.827042 5afc        Options.compaction_filter_factory: None
2026/06/11-14:40:33.827047 5afc  Options.sst_partitioner_factory: None
2026/06/11-14:40:33.827054 5afc         Options.memtable_factory: SkipListFactory
2026/06/11-14:40:33.827060 5afc            Options.table_factory: BlockBasedTable
2026/06/11-14:40:33.827101 5afc            table_factory options:   flush_block_policy_factory: FlushBlockBySizePolicyFactory (000001B9033C18D0)
  cache_index_and_filter_blocks: 0
  cache_index_and_filter_blocks_with_high_priority: 1
  pin_l0_filter_and_index_blocks_in_cache: 0
  pin_top_level_index_and_filter: 1
  index_type: 0
  data_block_index_type: 0
  index_shortening: 1
  data_block_hash_table_util_ratio: 0.750000
  checksum: 4
  no_block_cache: 0
  block_cache: 000001B9033BD900
  block_cache_name: AutoHyperClockCache
  block_cache_options:
    capacity : 33554432
    num_shard_bits : 0
    strict_capacity_limit : 0
    memory_allocator : None
  persistent_cache: 0000000000000000
  block_size: 4096
  block_size_deviation: 10
  block_restart_interval: 16
  index_block_restart_interval: 16
  metadata_block_size: 4096
  partition_filters: 0
  use_delta_encoding: 1
  filter_policy: nullptr
