2026/06/12-16:15:57.233013 5bfc RocksDB version: 11.0.4
2026/06/12-16:15:57.233099 5bfc DB SUMMARY
2026/06/12-16:15:57.233115 5bfc Host name (Env):  SMART-LYNC
2026/06/12-16:15:57.233124 5bfc DB Session ID:  TB5V1STMVDDZMGOUEQIA
2026/06/12-16:15:57.235708 5bfc CURRENT file:  CURRENT
2026/06/12-16:15:57.235732 5bfc IDENTITY file:  IDENTITY
2026/06/12-16:15:57.235952 5bfc MANIFEST file:  MANIFEST-000378 size: 1959 Bytes
2026/06/12-16:15:57.235968 5bfc SST files in C:\Users\huanc\Work\GitRepo\Keel\.cataforge\kg\store dir, Total Num: 6, files: 000020.sst 000279.sst 000340.sst 000348.sst 000349.sst 000350.sst 
2026/06/12-16:15:57.235978 5bfc Write Ahead Log file in C:\Users\huanc\Work\GitRepo\Keel\.cataforge\kg\store: 000377.log size: 0 ; 
2026/06/12-16:15:57.236069 5bfc                         Options.error_if_exists: 0
2026/06/12-16:15:57.236075 5bfc                       Options.create_if_missing: 1
2026/06/12-16:15:57.236078 5bfc                         Options.paranoid_checks: 1
2026/06/12-16:15:57.236081 5bfc             Options.flush_verify_memtable_count: 1
2026/06/12-16:15:57.236085 5bfc          Options.compaction_verify_record_count: 1
2026/06/12-16:15:57.236088 5bfc                               Options.track_and_verify_wals_in_manifest: 0
2026/06/12-16:15:57.236092 5bfc                               Options.track_and_verify_wals: 0
2026/06/12-16:15:57.236095 5bfc        Options.verify_sst_unique_id_in_manifest: 1
2026/06/12-16:15:57.236098 5bfc                                     Options.env: 000001CDB928E140
2026/06/12-16:15:57.236102 5bfc                                      Options.fs: WinFS
2026/06/12-16:15:57.236106 5bfc                                Options.info_log: 000001CDBB817880
2026/06/12-16:15:57.236110 5bfc                Options.max_file_opening_threads: 16
2026/06/12-16:15:57.236113 5bfc                              Options.statistics: 0000000000000000
2026/06/12-16:15:57.236116 5bfc                               Options.use_fsync: 0
2026/06/12-16:15:57.236120 5bfc                       Options.max_log_file_size: 1048576
2026/06/12-16:15:57.236123 5bfc                   Options.log_file_time_to_roll: 0
2026/06/12-16:15:57.236127 5bfc                       Options.keep_log_file_num: 1000
2026/06/12-16:15:57.236130 5bfc                    Options.recycle_log_file_num: 10
2026/06/12-16:15:57.236133 5bfc                         Options.allow_fallocate: 1
2026/06/12-16:15:57.236138 5bfc                        Options.allow_mmap_reads: 0
2026/06/12-16:15:57.236141 5bfc                       Options.allow_mmap_writes: 0
2026/06/12-16:15:57.236144 5bfc                        Options.use_direct_reads: 0
2026/06/12-16:15:57.236148 5bfc                        Options.use_direct_io_for_flush_and_compaction: 0
2026/06/12-16:15:57.236151 5bfc          Options.create_missing_column_families: 1
2026/06/12-16:15:57.236154 5bfc                              Options.db_log_dir: 
2026/06/12-16:15:57.236158 5bfc                                 Options.wal_dir: 
2026/06/12-16:15:57.236161 5bfc                Options.table_cache_numshardbits: 6
2026/06/12-16:15:57.236165 5bfc                         Options.WAL_ttl_seconds: 0
2026/06/12-16:15:57.236169 5bfc                       Options.WAL_size_limit_MB: 0
2026/06/12-16:15:57.236172 5bfc                        Options.max_write_batch_group_size_bytes: 1048576
2026/06/12-16:15:57.236176 5bfc                     Options.is_fd_close_on_exec: 1
2026/06/12-16:15:57.236179 5bfc                   Options.advise_random_on_open: 1
2026/06/12-16:15:57.236182 5bfc                    Options.db_write_buffer_size: 0
2026/06/12-16:15:57.236186 5bfc                    Options.write_buffer_manager: 000001CDB928DC90
2026/06/12-16:15:57.236189 5bfc                      Options.use_adaptive_mutex: 0
2026/06/12-16:15:57.236192 5bfc                            Options.rate_limiter: 0000000000000000
2026/06/12-16:15:57.236196 5bfc     Options.sst_file_manager.rate_bytes_per_sec: 0
2026/06/12-16:15:57.236199 5bfc                       Options.wal_recovery_mode: 2
2026/06/12-16:15:57.236203 5bfc                  Options.enable_thread_tracking: 0
2026/06/12-16:15:57.236226 5bfc                  Options.enable_pipelined_write: 0
2026/06/12-16:15:57.236231 5bfc                  Options.unordered_write: 0
2026/06/12-16:15:57.236234 5bfc         Options.allow_concurrent_memtable_write: 1
2026/06/12-16:15:57.236237 5bfc      Options.enable_write_thread_adaptive_yield: 1
2026/06/12-16:15:57.236241 5bfc             Options.write_thread_max_yield_usec: 100
2026/06/12-16:15:57.236244 5bfc            Options.write_thread_slow_yield_usec: 3
2026/06/12-16:15:57.236247 5bfc                               Options.row_cache: None
2026/06/12-16:15:57.236251 5bfc                              Options.wal_filter: None
2026/06/12-16:15:57.236254 5bfc             Options.avoid_flush_during_recovery: 0
2026/06/12-16:15:57.236257 5bfc             Options.allow_ingest_behind: 0
2026/06/12-16:15:57.236261 5bfc             Options.two_write_queues: 0
2026/06/12-16:15:57.236264 5bfc             Options.manual_wal_flush: 0
2026/06/12-16:15:57.236267 5bfc             Options.wal_compression: 0
2026/06/12-16:15:57.236270 5bfc             Options.background_close_inactive_wals: 0
2026/06/12-16:15:57.236274 5bfc             Options.atomic_flush: 0
2026/06/12-16:15:57.236277 5bfc             Options.avoid_unnecessary_blocking_io: 0
2026/06/12-16:15:57.236280 5bfc             Options.prefix_seek_opt_in_only: 0
2026/06/12-16:15:57.236283 5bfc                 Options.persist_stats_to_disk: 0
2026/06/12-16:15:57.236286 5bfc                 Options.write_dbid_to_manifest: 1
2026/06/12-16:15:57.236290 5bfc                 Options.write_identity_file: 1
2026/06/12-16:15:57.236293 5bfc                 Options.log_readahead_size: 0
2026/06/12-16:15:57.236296 5bfc                 Options.file_checksum_gen_factory: Unknown
2026/06/12-16:15:57.236300 5bfc                 Options.best_efforts_recovery: 0
2026/06/12-16:15:57.236303 5bfc                Options.max_bgerror_resume_count: 2147483647
2026/06/12-16:15:57.236306 5bfc            Options.bgerror_resume_retry_interval: 1000000
2026/06/12-16:15:57.236310 5bfc             Options.allow_data_in_errors: 0
2026/06/12-16:15:57.236313 5bfc             Options.db_host_id: __hostname__
2026/06/12-16:15:57.236317 5bfc             Options.enforce_single_del_contracts: true
2026/06/12-16:15:57.236321 5bfc             Options.metadata_write_temperature: kUnknown
2026/06/12-16:15:57.236324 5bfc             Options.wal_write_temperature: kUnknown
2026/06/12-16:15:57.236328 5bfc             Options.max_background_jobs: 8
2026/06/12-16:15:57.236331 5bfc             Options.max_background_compactions: -1
2026/06/12-16:15:57.236335 5bfc             Options.max_subcompactions: 1
2026/06/12-16:15:57.236338 5bfc             Options.avoid_flush_during_shutdown: 0
2026/06/12-16:15:57.236343 5bfc           Options.writable_file_max_buffer_size: 1048576
2026/06/12-16:15:57.236346 5bfc             Options.delayed_write_rate : 16777216
2026/06/12-16:15:57.236350 5bfc             Options.max_total_wal_size: 0
2026/06/12-16:15:57.236353 5bfc             Options.delete_obsolete_files_period_micros: 21600000000
2026/06/12-16:15:57.236357 5bfc                   Options.stats_dump_period_sec: 600
2026/06/12-16:15:57.236360 5bfc                 Options.stats_persist_period_sec: 600
2026/06/12-16:15:57.236363 5bfc                 Options.stats_history_buffer_size: 1048576
2026/06/12-16:15:57.236367 5bfc                          Options.max_open_files: 464
2026/06/12-16:15:57.236370 5bfc                          Options.bytes_per_sync: 0
2026/06/12-16:15:57.236373 5bfc                      Options.wal_bytes_per_sync: 0
2026/06/12-16:15:57.236376 5bfc                   Options.strict_bytes_per_sync: 0
2026/06/12-16:15:57.236380 5bfc       Options.compaction_readahead_size: 2097152
2026/06/12-16:15:57.236383 5bfc                  Options.max_background_flushes: -1
2026/06/12-16:15:57.236386 5bfc                  Options.max_manifest_file_size: 1073741824
2026/06/12-16:15:57.236390 5bfc                  Options.max_manifest_space_amp_pct: 500
2026/06/12-16:15:57.236407 5bfc             Options.manifest_preallocation_size: 4194304
2026/06/12-16:15:57.236411 5bfc Options.daily_offpeak_time_utc: 
2026/06/12-16:15:57.236416 5bfc Compression algorithms supported:
2026/06/12-16:15:57.236420 5bfc 	kZSTD supported: 0
2026/06/12-16:15:57.236423 5bfc 	kCustomCompressionA3 supported: 0
2026/06/12-16:15:57.236427 5bfc 	kSnappyCompression supported: 0
2026/06/12-16:15:57.236430 5bfc 	kCustomCompressionA5 supported: 0
2026/06/12-16:15:57.236434 5bfc 	kBZip2Compression supported: 0
2026/06/12-16:15:57.236437 5bfc 	kZlibCompression supported: 0
2026/06/12-16:15:57.236441 5bfc 	kLZ4Compression supported: 1
2026/06/12-16:15:57.236444 5bfc 	kXpressCompression supported: 0
2026/06/12-16:15:57.236447 5bfc 	kCustomCompressionA7 supported: 0
2026/06/12-16:15:57.236450 5bfc 	kLZ4HCCompression supported: 1
2026/06/12-16:15:57.236454 5bfc 	kCustomCompressionB2 supported: 0
2026/06/12-16:15:57.236457 5bfc 	kCustomCompression9C supported: 0
2026/06/12-16:15:57.236460 5bfc 	kCustomCompression80 supported: 0
2026/06/12-16:15:57.236463 5bfc 	kCustomCompressionB3 supported: 0
2026/06/12-16:15:57.236466 5bfc 	kCustomCompression9B supported: 0
2026/06/12-16:15:57.236469 5bfc 	kCustomCompression81 supported: 0
2026/06/12-16:15:57.236473 5bfc 	kCustomCompressionB0 supported: 0
2026/06/12-16:15:57.236476 5bfc 	kCustomCompression9A supported: 0
2026/06/12-16:15:57.236479 5bfc 	kCustomCompression82 supported: 0
2026/06/12-16:15:57.236482 5bfc 	kCustomCompressionB1 supported: 0
2026/06/12-16:15:57.236485 5bfc 	kCustomCompression83 supported: 0
2026/06/12-16:15:57.236500 5bfc 	kCustomCompressionB6 supported: 0
2026/06/12-16:15:57.236503 5bfc 	kCustomCompression84 supported: 0
2026/06/12-16:15:57.236506 5bfc 	kCustomCompressionB7 supported: 0
2026/06/12-16:15:57.236509 5bfc 	kCustomCompression9F supported: 0
2026/06/12-16:15:57.236513 5bfc 	kCustomCompression85 supported: 0
2026/06/12-16:15:57.236516 5bfc 	kCustomCompressionB4 supported: 0
2026/06/12-16:15:57.236519 5bfc 	kCustomCompression9E supported: 0
2026/06/12-16:15:57.236522 5bfc 	kCustomCompression86 supported: 0
2026/06/12-16:15:57.236525 5bfc 	kCustomCompressionB5 supported: 0
2026/06/12-16:15:57.236528 5bfc 	kCustomCompression9D supported: 0
2026/06/12-16:15:57.236531 5bfc 	kCustomCompression87 supported: 0
2026/06/12-16:15:57.236534 5bfc 	kCustomCompression88 supported: 0
2026/06/12-16:15:57.236537 5bfc 	kCustomCompression89 supported: 0
2026/06/12-16:15:57.236540 5bfc 	kCustomCompression92 supported: 0
2026/06/12-16:15:57.236555 5bfc 	kCustomCompression8A supported: 0
2026/06/12-16:15:57.236558 5bfc 	kCustomCompression91 supported: 0
2026/06/12-16:15:57.236561 5bfc 	kCustomCompression8B supported: 0
2026/06/12-16:15:57.236564 5bfc 	kCustomCompression90 supported: 0
2026/06/12-16:15:57.236567 5bfc 	kCustomCompression8C supported: 0
2026/06/12-16:15:57.236570 5bfc 	kCustomCompression97 supported: 0
2026/06/12-16:15:57.236573 5bfc 	kCustomCompression8D supported: 0
2026/06/12-16:15:57.236576 5bfc 	kCustomCompression96 supported: 0
2026/06/12-16:15:57.236579 5bfc 	kCustomCompression8E supported: 0
2026/06/12-16:15:57.236582 5bfc 	kCustomCompression95 supported: 0
2026/06/12-16:15:57.236585 5bfc 	kCustomCompression8F supported: 0
2026/06/12-16:15:57.236588 5bfc 	kCustomCompression93 supported: 0
2026/06/12-16:15:57.236591 5bfc 	kCustomCompression94 supported: 0
2026/06/12-16:15:57.236594 5bfc 	kCustomCompression98 supported: 0
2026/06/12-16:15:57.236597 5bfc 	kCustomCompression99 supported: 0
2026/06/12-16:15:57.236600 5bfc 	kCustomCompressionA0 supported: 0
2026/06/12-16:15:57.236604 5bfc 	kCustomCompressionA1 supported: 0
2026/06/12-16:15:57.236607 5bfc 	kCustomCompressionA2 supported: 0
2026/06/12-16:15:57.236610 5bfc 	kCustomCompressionA4 supported: 0
2026/06/12-16:15:57.236613 5bfc 	kCustomCompressionA6 supported: 0
2026/06/12-16:15:57.236617 5bfc 	kCustomCompressionA8 supported: 0
2026/06/12-16:15:57.236620 5bfc 	kCustomCompressionA9 supported: 0
2026/06/12-16:15:57.236623 5bfc 	kCustomCompressionAA supported: 0
2026/06/12-16:15:57.236626 5bfc 	kCustomCompressionAB supported: 0
2026/06/12-16:15:57.236630 5bfc 	kCustomCompressionAC supported: 0
2026/06/12-16:15:57.236634 5bfc 	kCustomCompressionAD supported: 0
2026/06/12-16:15:57.236637 5bfc 	kCustomCompressionAE supported: 0
2026/06/12-16:15:57.236640 5bfc 	kCustomCompressionAF supported: 0
2026/06/12-16:15:57.236644 5bfc 	kCustomCompressionB8 supported: 0
2026/06/12-16:15:57.236647 5bfc 	kCustomCompressionB9 supported: 0
2026/06/12-16:15:57.236650 5bfc 	kCustomCompressionBA supported: 0
2026/06/12-16:15:57.236653 5bfc 	kCustomCompressionBB supported: 0
2026/06/12-16:15:57.236656 5bfc 	kCustomCompressionBC supported: 0
2026/06/12-16:15:57.236659 5bfc 	kCustomCompressionBD supported: 0
2026/06/12-16:15:57.236662 5bfc 	kCustomCompressionBE supported: 0
2026/06/12-16:15:57.236665 5bfc 	kCustomCompressionBF supported: 0
2026/06/12-16:15:57.236668 5bfc 	kCustomCompressionC0 supported: 0
2026/06/12-16:15:57.236672 5bfc 	kCustomCompressionC1 supported: 0
2026/06/12-16:15:57.236675 5bfc 	kCustomCompressionC2 supported: 0
2026/06/12-16:15:57.236678 5bfc 	kCustomCompressionC3 supported: 0
2026/06/12-16:15:57.236681 5bfc 	kCustomCompressionC4 supported: 0
2026/06/12-16:15:57.236684 5bfc 	kCustomCompressionC5 supported: 0
2026/06/12-16:15:57.236687 5bfc 	kCustomCompressionC6 supported: 0
2026/06/12-16:15:57.236690 5bfc 	kCustomCompressionC7 supported: 0
2026/06/12-16:15:57.236693 5bfc 	kCustomCompressionC8 supported: 0
2026/06/12-16:15:57.236696 5bfc 	kCustomCompressionC9 supported: 0
2026/06/12-16:15:57.236699 5bfc 	kCustomCompressionCA supported: 0
2026/06/12-16:15:57.236702 5bfc 	kCustomCompressionCB supported: 0
2026/06/12-16:15:57.236705 5bfc 	kCustomCompressionCC supported: 0
2026/06/12-16:15:57.236708 5bfc 	kCustomCompressionCD supported: 0
2026/06/12-16:15:57.236711 5bfc 	kCustomCompressionCE supported: 0
2026/06/12-16:15:57.236714 5bfc 	kCustomCompressionCF supported: 0
2026/06/12-16:15:57.236718 5bfc 	kCustomCompressionD0 supported: 0
2026/06/12-16:15:57.236721 5bfc 	kCustomCompressionD1 supported: 0
2026/06/12-16:15:57.236724 5bfc 	kCustomCompressionD2 supported: 0
2026/06/12-16:15:57.236727 5bfc 	kCustomCompressionD3 supported: 0
2026/06/12-16:15:57.236730 5bfc 	kCustomCompressionD4 supported: 0
2026/06/12-16:15:57.236733 5bfc 	kCustomCompressionD5 supported: 0
2026/06/12-16:15:57.236736 5bfc 	kCustomCompressionD6 supported: 0
2026/06/12-16:15:57.236739 5bfc 	kCustomCompressionD7 supported: 0
2026/06/12-16:15:57.236742 5bfc 	kCustomCompressionD8 supported: 0
2026/06/12-16:15:57.236745 5bfc 	kCustomCompressionD9 supported: 0
2026/06/12-16:15:57.236748 5bfc 	kCustomCompressionDA supported: 0
2026/06/12-16:15:57.236751 5bfc 	kCustomCompressionDB supported: 0
2026/06/12-16:15:57.236754 5bfc 	kCustomCompressionDC supported: 0
2026/06/12-16:15:57.236757 5bfc 	kCustomCompressionDD supported: 0
2026/06/12-16:15:57.236760 5bfc 	kCustomCompressionDE supported: 0
2026/06/12-16:15:57.236763 5bfc 	kCustomCompressionDF supported: 0
2026/06/12-16:15:57.236766 5bfc 	kCustomCompressionE0 supported: 0
2026/06/12-16:15:57.236769 5bfc 	kCustomCompressionE1 supported: 0
2026/06/12-16:15:57.236772 5bfc 	kCustomCompressionE2 supported: 0
2026/06/12-16:15:57.236775 5bfc 	kCustomCompressionE3 supported: 0
2026/06/12-16:15:57.236778 5bfc 	kCustomCompressionE4 supported: 0
2026/06/12-16:15:57.236781 5bfc 	kCustomCompressionE5 supported: 0
2026/06/12-16:15:57.236784 5bfc 	kCustomCompressionE6 supported: 0
2026/06/12-16:15:57.236787 5bfc 	kCustomCompressionE7 supported: 0
2026/06/12-16:15:57.236790 5bfc 	kCustomCompressionE8 supported: 0
2026/06/12-16:15:57.236794 5bfc 	kCustomCompressionE9 supported: 0
2026/06/12-16:15:57.236797 5bfc 	kCustomCompressionEA supported: 0
2026/06/12-16:15:57.236800 5bfc 	kCustomCompressionEB supported: 0
2026/06/12-16:15:57.236803 5bfc 	kCustomCompressionEC supported: 0
2026/06/12-16:15:57.236806 5bfc 	kCustomCompressionED supported: 0
2026/06/12-16:15:57.236809 5bfc 	kCustomCompressionEE supported: 0
2026/06/12-16:15:57.236812 5bfc 	kCustomCompressionEF supported: 0
2026/06/12-16:15:57.236815 5bfc 	kCustomCompressionF0 supported: 0
2026/06/12-16:15:57.236834 5bfc 	kCustomCompressionF1 supported: 0
2026/06/12-16:15:57.236838 5bfc 	kCustomCompressionF2 supported: 0
2026/06/12-16:15:57.236842 5bfc 	kCustomCompressionF3 supported: 0
2026/06/12-16:15:57.236845 5bfc 	kCustomCompressionF4 supported: 0
2026/06/12-16:15:57.236848 5bfc 	kCustomCompressionF5 supported: 0
2026/06/12-16:15:57.236851 5bfc 	kCustomCompressionF6 supported: 0
2026/06/12-16:15:57.236854 5bfc 	kCustomCompressionF7 supported: 0
2026/06/12-16:15:57.236857 5bfc 	kCustomCompressionF8 supported: 0
2026/06/12-16:15:57.236861 5bfc 	kCustomCompressionF9 supported: 0
2026/06/12-16:15:57.236864 5bfc 	kCustomCompressionFA supported: 0
2026/06/12-16:15:57.236867 5bfc 	kCustomCompressionFB supported: 0
2026/06/12-16:15:57.236870 5bfc 	kCustomCompressionFC supported: 0
2026/06/12-16:15:57.236873 5bfc 	kCustomCompressionFD supported: 0
2026/06/12-16:15:57.236876 5bfc 	kCustomCompressionFE supported: 0
2026/06/12-16:15:57.236882 5bfc Fast CRC32 supported: Not supported on x86
2026/06/12-16:15:57.236886 5bfc DMutex implementation: std::mutex
2026/06/12-16:15:57.236889 5bfc Jemalloc supported: 0
2026/06/12-16:15:57.251705 5bfc               Options.comparator: leveldb.BytewiseComparator
2026/06/12-16:15:57.251728 5bfc           Options.merge_operator: None
2026/06/12-16:15:57.251732 5bfc        Options.compaction_filter: None
2026/06/12-16:15:57.251736 5bfc        Options.compaction_filter_factory: None
2026/06/12-16:15:57.251739 5bfc  Options.sst_partitioner_factory: None
2026/06/12-16:15:57.251742 5bfc         Options.memtable_factory: SkipListFactory
2026/06/12-16:15:57.251747 5bfc            Options.table_factory: BlockBasedTable
2026/06/12-16:15:57.251794 5bfc            table_factory options:   flush_block_policy_factory: FlushBlockBySizePolicyFactory (000001CDBB86E260)
  cache_index_and_filter_blocks: 0
  cache_index_and_filter_blocks_with_high_priority: 1
  pin_l0_filter_and_index_blocks_in_cache: 0
  pin_top_level_index_and_filter: 1
  index_type: 0
  data_block_index_type: 0
  index_shortening: 1
  data_block_hash_table_util_ratio: 0.750000
  checksum: 4
  no_block_cache: 0
  block_cache: 000001CDBB3F1D90
  block_cache_name: AutoHyperClockCache
  block_cache_options:
    capacity : 33554432
    num_shard_bits : 0
    strict_capacity_limit : 0
    memory_allocator : None
  persistent_cache: 0000000000000000
  block_size: 4096
  block_size_deviation: 10
  block_restart_interval: 16
  index_block_restart_interval: 16
  metadata_block_size: 4096
  partition_filters: 0
  use_delta_encoding: 1
  filter_policy: nullptr
  user_defined_index_factory: nullptr
  fail_if_no_udi_on_open: 0
  whole_key_filtering: 1
  verify_compression: 0
  read_amp_bytes_per_bit: 0
  format_version: 5
  enable_index_compression: 1
  block_align: 0
  super_block_alignment_size: 0
  super_block_alignment_space_overhead_ratio: 128
  max_auto_readahead_size: 262144
  prepopulate_block_cache: 0
  initial_auto_readahead_size: 8192
  num_file_reads_for_auto_readahead: 2
2026/06/12-16:15:57.251803 5bfc        Options.write_buffer_size: 134217728
2026/06/12-16:15:57.251854 5bfc  Options.max_write_buffer_number: 6
2026/06/12-16:15:57.251921 5bfc        Options.compression[0]: NoCompression
2026/06/12-16:15:57.251989 5bfc        Options.compression[1]: NoCompression
2026/06/12-16:15:57.252030 5bfc        Options.compression[2]: LZ4
2026/06/12-16:15:57.252039 5bfc        Options.compression[3]: LZ4
2026/06/12-16:15:57.252044 5bfc        Options.compression[4]: LZ4
2026/06/12-16:15:57.252049 5bfc        Options.compression[5]: LZ4
2026/06/12-16:15:57.252055 5bfc        Options.compression[6]: LZ4
2026/06/12-16:15:57.252060 5bfc                  Options.bottommost_compression: Disabled
2026/06/12-16:15:57.252066 5bfc       Options.prefix_extractor: nullptr
2026/06/12-16:15:57.252071 5bfc   Options.memtable_insert_with_hint_prefix_extractor: nullptr
2026/06/12-16:15:57.252078 5bfc             Options.num_levels: 7
2026/06/12-16:15:57.252083 5bfc        Options.min_write_buffer_number_to_merge: 2
2026/06/12-16:15:57.252125 5bfc     Options.max_write_buffer_size_to_maintain: 0
2026/06/12-16:15:57.252143 5bfc            Options.bottommost_compression_opts.window_bits: -14
2026/06/12-16:15:57.252151 5bfc                  Options.bottommost_compression_opts.level: 32767
2026/06/12-16:15:57.252157 5bfc               Options.bottommost_compression_opts.strategy: 0
2026/06/12-16:15:57.252162 5bfc         Options.bottommost_compression_opts.max_dict_bytes: 0
2026/06/12-16:15:57.252167 5bfc         Options.bottommost_compression_opts.zstd_max_train_bytes: 0
2026/06/12-16:15:57.252182 5bfc         Options.bottommost_compression_opts.parallel_threads: 1
2026/06/12-16:15:57.252188 5bfc                  Options.bottommost_compression_opts.enabled: false
2026/06/12-16:15:57.252194 5bfc         Options.bottommost_compression_opts.max_dict_buffer_bytes: 0
2026/06/12-16:15:57.252199 5bfc         Options.bottommost_compression_opts.use_zstd_dict_trainer: true
2026/06/12-16:15:57.252205 5bfc            Options.compression_opts.window_bits: -14
2026/06/12-16:15:57.252210 5bfc                  Options.compression_opts.level: 32767
2026/06/12-16:15:57.252214 5bfc               Options.compression_opts.strategy: 0
2026/06/12-16:15:57.252219 5bfc         Options.compression_opts.max_dict_bytes: 0
2026/06/12-16:15:57.252224 5bfc         Options.compression_opts.zstd_max_train_bytes: 0
2026/06/12-16:15:57.252230 5bfc         Options.compression_opts.use_zstd_dict_trainer: true
2026/06/12-16:15:57.252235 5bfc         Options.compression_opts.parallel_threads: 1
2026/06/12-16:15:57.252240 5bfc                  Options.compression_opts.enabled: false
2026/06/12-16:15:57.252245 5bfc         Options.compression_opts.max_dict_buffer_bytes: 0
2026/06/12-16:15:57.252250 5bfc      Options.level0_file_num_compaction_trigger: 2
2026/06/12-16:15:57.252255 5bfc          Options.level0_slowdown_writes_trigger: 20
2026/06/12-16:15:57.252259 5bfc              Options.level0_stop_writes_trigger: 36
2026/06/12-16:15:57.252264 5bfc                   Options.target_file_size_base: 67108864
2026/06/12-16:15:57.252269 5bfc             Options.target_file_size_multiplier: 1
2026/06/12-16:15:57.252274 5bfc            Options.target_file_size_is_upper_bound: 0
2026/06/12-16:15:57.252280 5bfc                Options.max_bytes_for_level_base: 536870912
2026/06/12-16:15:57.252285 5bfc Options.level_compaction_dynamic_level_bytes: 1
2026/06/12-16:15:57.252292 5bfc          Options.max_bytes_for_level_multiplier: 10.000000
2026/06/12-16:15:57.252308 5bfc Options.max_bytes_for_level_multiplier_addtl[0]: 1
2026/06/12-16:15:57.252317 5bfc Options.max_bytes_for_level_multiplier_addtl[1]: 1
2026/06/12-16:15:57.252323 5bfc Options.max_bytes_for_level_multiplier_addtl[2]: 1
2026/06/12-16:15:57.252328 5bfc Options.max_bytes_for_level_multiplier_addtl[3]: 1
2026/06/12-16:15:57.252333 5bfc Options.max_bytes_for_level_multiplier_addtl[4]: 1
2026/06/12-16:15:57.252337 5bfc Options.max_bytes_for_level_multiplier_addtl[5]: 1
2026/06/12-16:15:57.252343 5bfc Options.max_bytes_for_level_multiplier_addtl[6]: 1
2026/06/12-16:15:57.252348 5bfc       Options.max_sequential_skip_in_iterations: 8
2026/06/12-16:15:57.252353 5bfc          Options.memtable_op_scan_flush_trigger: 0
2026/06/12-16:15:57.252359 5bfc      Options.memtable_avg_op_scan_flush_trigger: 0
2026/06/12-16:15:57.252364 5bfc                    Options.max_compaction_bytes: 1677721600
2026/06/12-16:15:57.252369 5bfc                        Options.arena_block_size: 1048576
2026/06/12-16:15:57.252375 5bfc   Options.soft_pending_compaction_bytes_limit: 68719476736
2026/06/12-16:15:57.252380 5bfc   Options.hard_pending_compaction_bytes_limit: 274877906944
2026/06/12-16:15:57.252385 5bfc                Options.disable_auto_compactions: 0
2026/06/12-16:15:57.252393 5bfc                        Options.compaction_style: kCompactionStyleLevel
2026/06/12-16:15:57.252398 5bfc                          Options.compaction_pri: kMinOverlappingRatio
2026/06/12-16:15:57.252417 5bfc Options.compaction_options_universal.size_ratio: 1
2026/06/12-16:15:57.252423 5bfc Options.compaction_options_universal.min_merge_width: 2
2026/06/12-16:15:57.252432 5bfc Options.compaction_options_universal.max_merge_width: 4294967295
2026/06/12-16:15:57.252440 5bfc Options.compaction_options_universal.max_size_amplification_percent: 200
2026/06/12-16:15:57.252445 5bfc Options.compaction_options_universal.compression_size_percent: -1
2026/06/12-16:15:57.252452 5bfc Options.compaction_options_universal.stop_style: kCompactionStopStyleTotalSize
2026/06/12-16:15:57.252457 5bfc Options.compaction_options_universal.max_read_amp: -1
2026/06/12-16:15:57.252462 5bfc Options.compaction_options_universal.reduce_file_locking: 1
2026/06/12-16:15:57.252467 5bfc Options.compaction_options_fifo.max_table_files_size: 1073741824
2026/06/12-16:15:57.252473 5bfc Options.compaction_options_fifo.allow_compaction: 0
2026/06/12-16:15:57.252482 5bfc                   Options.table_properties_collectors: 
2026/06/12-16:15:57.252487 5bfc                   Options.inplace_update_support: 0
2026/06/12-16:15:57.252493 5bfc                 Options.inplace_update_num_locks: 10000
2026/06/12-16:15:57.252499 5bfc               Options.memtable_prefix_bloom_size_ratio: 0.000000
2026/06/12-16:15:57.252504 5bfc               Options.memtable_whole_key_filtering: 0
2026/06/12-16:15:57.252523 5bfc   Options.memtable_huge_page_size: 0
2026/06/12-16:15:57.252546 5bfc                           Options.bloom_locality: 0
2026/06/12-16:15:57.252552 5bfc                    Options.max_successive_merges: 0
2026/06/12-16:15:57.252558 5bfc             Options.strict_max_successive_merges: 0
2026/06/12-16:15:57.252563 5bfc                Options.optimize_filters_for_hits: 0
2026/06/12-16:15:57.252568 5bfc                Options.paranoid_file_checks: 0
2026/06/12-16:15:57.252573 5bfc                Options.force_consistency_checks: 1
2026/06/12-16:15:57.252578 5bfc                Options.report_bg_io_stats: 0
2026/06/12-16:15:57.252583 5bfc                Options.disallow_memtable_writes: 0
2026/06/12-16:15:57.252588 5bfc                               Options.ttl: 2592000
2026/06/12-16:15:57.252594 5bfc          Options.periodic_compaction_seconds: 0
2026/06/12-16:15:57.252599 5bfc                        Options.default_temperature: kUnknown
2026/06/12-16:15:57.252604 5bfc  Options.preclude_last_level_data_seconds: 0
2026/06/12-16:15:57.252608 5bfc    Options.preserve_internal_time_seconds: 0
2026/06/12-16:15:57.252614 5bfc                       Options.enable_blob_files: false
2026/06/12-16:15:57.252619 5bfc                           Options.min_blob_size: 0
2026/06/12-16:15:57.252638 5bfc                          Options.blob_file_size: 268435456
2026/06/12-16:15:57.252665 5bfc                   Options.blob_compression_type: NoCompression
2026/06/12-16:15:57.252671 5bfc          Options.enable_blob_garbage_collection: false
2026/06/12-16:15:57.252678 5bfc      Options.blob_garbage_collection_age_cutoff: 0.250000
2026/06/12-16:15:57.252685 5bfc Options.blob_garbage_collection_force_threshold: 1.000000
2026/06/12-16:15:57.252691 5bfc          Options.blob_compaction_readahead_size: 0
2026/06/12-16:15:57.252696 5bfc                Options.blob_file_starting_level: 0
2026/06/12-16:15:57.252702 5bfc         Options.experimental_mempurge_threshold: 0.000000
2026/06/12-16:15:57.252707 5bfc            Options.memtable_max_range_deletions: 0
2026/06/12-16:15:57.252713 5bfc                  Options.cf_allow_ingest_behind: false
2026/06/12-16:15:57.253128 5bfc               Options.comparator: leveldb.BytewiseComparator
2026/06/12-16:15:57.253147 5bfc           Options.merge_operator: None
2026/06/12-16:15:57.253152 5bfc        Options.compaction_filter: None
2026/06/12-16:15:57.253157 5bfc        Options.compaction_filter_factory: None
2026/06/12-16:15:57.253162 5bfc  Options.sst_partitioner_factory: None
2026/06/12-16:15:57.253173 5bfc         Options.memtable_factory: SkipListFactory
2026/06/12-16:15:57.253183 5bfc            Options.table_factory: BlockBasedTable
2026/06/12-16:15:57.253268 5bfc            table_factory options:   flush_block_policy_factory: FlushBlockBySizePolicyFactory (000001CDBB86DFC0)
  cache_index_and_filter_blocks: 0
  cache_index_and_filter_blocks_with_high_priority: 1
  pin_l0_filter_and_index_blocks_in_cache: 0
  pin_top_level_index_and_filter: 1
  index_type: 0
  data_block_index_type: 1
  index_shortening: 1
  data_block_hash_table_util_ratio: 0.750000
  checksum: 4
  no_block_cache: 0
  block_cache: 000001CDBB3F1840
  block_cache_name: LRUCache
  block_cache_options:
    capacity : 134217728
    num_shard_bits : 6
    strict_capacity_limit : 0
    memory_allocator : None
    high_pri_pool_ratio: 0.500
    low_pri_pool_ratio: 0.000
  persistent_cache: 0000000000000000
  block_size: 4096
  block_size_deviation: 10
  block_restart_interval: 16
  index_block_restart_interval: 1
  metadata_block_size: 4096
  partition_filters: 0
  use_delta_encoding: 1
  filter_policy: bloomfilter
  user_defined_index_factory: nullptr
  fail_if_no_udi_on_open: 0
  whole_key_filtering: 1
  verify_compression: 0
  read_amp_bytes_per_bit: 0
  format_version: 7
  enable_index_compression: 1
  block_align: 0
  super_block_alignment_size: 0
  super_block_alignment_space_overhead_ratio: 128
  max_auto_readahead_size: 262144
  prepopulate_block_cache: 0
  initial_auto_readahead_size: 8192
  num_file_reads_for_auto_readahead: 2
2026/06/12-16:15:57.253290 5bfc        Options.write_buffer_size: 134217728
2026/06/12-16:15:57.253298 5bfc  Options.max_write_buffer_number: 6
2026/06/12-16:15:57.253304 5bfc        Options.compression[0]: NoCompression
2026/06/12-16:15:57.253309 5bfc        Options.compression[1]: NoCompression
2026/06/12-16:15:57.253314 5bfc        Options.compression[2]: LZ4
2026/06/12-16:15:57.253319 5bfc        Options.compression[3]: LZ4
2026/06/12-16:15:57.253337 5bfc        Options.compression[4]: LZ4
2026/06/12-16:15:57.253350 5bfc        Options.compression[5]: LZ4
2026/06/12-16:15:57.253354 5bfc        Options.compression[6]: LZ4
2026/06/12-16:15:57.253357 5bfc                  Options.bottommost_compression: Disabled
2026/06/12-16:15:57.253361 5bfc       Options.prefix_extractor: nullptr
2026/06/12-16:15:57.253364 5bfc   Options.memtable_insert_with_hint_prefix_extractor: nullptr
2026/06/12-16:15:57.253368 5bfc             Options.num_levels: 7
2026/06/12-16:15:57.253371 5bfc        Options.min_write_buffer_number_to_merge: 2
2026/06/12-16:15:57.253374 5bfc     Options.max_write_buffer_size_to_maintain: 0
2026/06/12-16:15:57.253378 5bfc            Options.bottommost_compression_opts.window_bits: -14
2026/06/12-16:15:57.253385 5bfc                  Options.bottommost_compression_opts.level: 32767
2026/06/12-16:15:57.253389 5bfc               Options.bottommost_compression_opts.strategy: 0
2026/06/12-16:15:57.253392 5bfc         Options.bottommost_compression_opts.max_dict_bytes: 0
2026/06/12-16:15:57.253396 5bfc         Options.bottommost_compression_opts.zstd_max_train_bytes: 0
2026/06/12-16:15:57.253400 5bfc         Options.bottommost_compression_opts.parallel_threads: 1
2026/06/12-16:15:57.253403 5bfc                  Options.bottommost_compression_opts.enabled: false
2026/06/12-16:15:57.253407 5bfc         Options.bottommost_compression_opts.max_dict_buffer_bytes: 0
2026/06/12-16:15:57.253410 5bfc         Options.bottommost_compression_opts.use_zstd_dict_trainer: true
2026/06/12-16:15:57.253414 5bfc            Options.compression_opts.window_bits: -14
2026/06/12-16:15:57.253417 5bfc                  Options.compression_opts.level: 32767
2026/06/12-16:15:57.253421 5bfc               Options.compression_opts.strategy: 0
2026/06/12-16:15:57.253424 5bfc         Options.compression_opts.max_dict_bytes: 0
2026/06/12-16:15:57.253427 5bfc         Options.compression_opts.zstd_max_train_bytes: 0
2026/06/12-16:15:57.253431 5bfc         Options.compression_opts.use_zstd_dict_trainer: true
2026/06/12-16:15:57.253434 5bfc         Options.compression_opts.parallel_threads: 1
2026/06/12-16:15:57.253438 5bfc                  Options.compression_opts.enabled: false
2026/06/12-16:15:57.253443 5bfc         Options.compression_opts.max_dict_buffer_bytes: 0
2026/06/12-16:15:57.253511 5bfc      Options.level0_file_num_compaction_trigger: 2
2026/06/12-16:15:57.253523 5bfc          Options.level0_slowdown_writes_trigger: 20
2026/06/12-16:15:57.253528 5bfc              Options.level0_stop_writes_trigger: 36
2026/06/12-16:15:57.253533 5bfc                   Options.target_file_size_base: 67108864
2026/06/12-16:15:57.253538 5bfc             Options.target_file_size_multiplier: 1
2026/06/12-16:15:57.253541 5bfc            Options.target_file_size_is_upper_bound: 0
2026/06/12-16:15:57.253544 5bfc                Options.max_bytes_for_level_base: 536870912
2026/06/12-16:15:57.253548 5bfc Options.level_compaction_dynamic_level_bytes: 1
2026/06/12-16:15:57.253553 5bfc          Options.max_bytes_for_level_multiplier: 10.000000
2026/06/12-16:15:57.253557 5bfc Options.max_bytes_for_level_multiplier_addtl[0]: 1
2026/06/12-16:15:57.253560 5bfc Options.max_bytes_for_level_multiplier_addtl[1]: 1
2026/06/12-16:15:57.253563 5bfc Options.max_bytes_for_level_multiplier_addtl[2]: 1
2026/06/12-16:15:57.253567 5bfc Options.max_bytes_for_level_multiplier_addtl[3]: 1
2026/06/12-16:15:57.253571 5bfc Options.max_bytes_for_level_multiplier_addtl[4]: 1
2026/06/12-16:15:57.253576 5bfc Options.max_bytes_for_level_multiplier_addtl[5]: 1
2026/06/12-16:15:57.253581 5bfc Options.max_bytes_for_level_multiplier_addtl[6]: 1
2026/06/12-16:15:57.253587 5bfc       Options.max_sequential_skip_in_iterations: 8
2026/06/12-16:15:57.253591 5bfc          Options.memtable_op_scan_flush_trigger: 0
2026/06/12-16:15:57.253595 5bfc      Options.memtable_avg_op_scan_flush_trigger: 0
2026/06/12-16:15:57.253600 5bfc                    Options.max_compaction_bytes: 1677721600
2026/06/12-16:15:57.253605 5bfc                        Options.arena_block_size: 1048576
2026/06/12-16:15:57.253609 5bfc   Options.soft_pending_compaction_bytes_limit: 68719476736
2026/06/12-16:15:57.253612 5bfc   Options.hard_pending_compaction_bytes_limit: 274877906944
2026/06/12-16:15:57.253616 5bfc                Options.disable_auto_compactions: 0
2026/06/12-16:15:57.253623 5bfc                        Options.compaction_style: kCompactionStyleLevel
2026/06/12-16:15:57.253628 5bfc                          Options.compaction_pri: kMinOverlappingRatio
2026/06/12-16:15:57.253633 5bfc Options.compaction_options_universal.size_ratio: 1
2026/06/12-16:15:57.253639 5bfc Options.compaction_options_universal.min_merge_width: 2
2026/06/12-16:15:57.253644 5bfc Options.compaction_options_universal.max_merge_width: 4294967295
2026/06/12-16:15:57.253648 5bfc Options.compaction_options_universal.max_size_amplification_percent: 200
2026/06/12-16:15:57.253651 5bfc Options.compaction_options_universal.compression_size_percent: -1
2026/06/12-16:15:57.253656 5bfc Options.compaction_options_universal.stop_style: kCompactionStopStyleTotalSize
2026/06/12-16:15:57.253659 5bfc Options.compaction_options_universal.max_read_amp: -1
2026/06/12-16:15:57.253663 5bfc Options.compaction_options_universal.reduce_file_locking: 1
2026/06/12-16:15:57.253666 5bfc Options.compaction_options_fifo.max_table_files_size: 1073741824
2026/06/12-16:15:57.253670 5bfc Options.compaction_options_fifo.allow_compaction: 0
2026/06/12-16:15:57.253676 5bfc                   Options.table_properties_collectors: 
2026/06/12-16:15:57.253680 5bfc                   Options.inplace_update_support: 0
2026/06/12-16:15:57.253684 5bfc                 Options.inplace_update_num_locks: 10000
2026/06/12-16:15:57.253689 5bfc               Options.memtable_prefix_bloom_size_ratio: 0.020000
2026/06/12-16:15:57.253693 5bfc               Options.memtable_whole_key_filtering: 1
2026/06/12-16:15:57.253696 5bfc   Options.memtable_huge_page_size: 0
2026/06/12-16:15:57.253703 5bfc                           Options.bloom_locality: 0
2026/06/12-16:15:57.253707 5bfc                    Options.max_successive_merges: 0
2026/06/12-16:15:57.253710 5bfc             Options.strict_max_successive_merges: 0
2026/06/12-16:15:57.253713 5bfc                Options.optimize_filters_for_hits: 0
2026/06/12-16:15:57.253717 5bfc                Options.paranoid_file_checks: 0
2026/06/12-16:15:57.253722 5bfc                Options.force_consistency_checks: 1
2026/06/12-16:15:57.253726 5bfc                Options.report_bg_io_stats: 0
2026/06/12-16:15:57.253730 5bfc                Options.disallow_memtable_writes: 0
2026/06/12-16:15:57.253733 5bfc                               Options.ttl: 2592000
2026/06/12-16:15:57.253737 5bfc          Options.periodic_compaction_seconds: 0
2026/06/12-16:15:57.253742 5bfc                        Options.default_temperature: kUnknown
2026/06/12-16:15:57.253748 5bfc  Options.preclude_last_level_data_seconds: 0
2026/06/12-16:15:57.253753 5bfc    Options.preserve_internal_time_seconds: 0
2026/06/12-16:15:57.253759 5bfc                       Options.enable_blob_files: false
2026/06/12-16:15:57.253764 5bfc                           Options.min_blob_size: 0
2026/06/12-16:15:57.253808 5bfc                          Options.blob_file_size: 268435456
2026/06/12-16:15:57.253838 5bfc                   Options.blob_compression_type: NoCompression
2026/06/12-16:15:57.253844 5bfc          Options.enable_blob_garbage_collection: false
2026/06/12-16:15:57.253851 5bfc      Options.blob_garbage_collection_age_cutoff: 0.250000
2026/06/12-16:15:57.253856 5bfc Options.blob_garbage_collection_force_threshold: 1.000000
2026/06/12-16:15:57.253884 5bfc          Options.blob_compaction_readahead_size: 0
2026/06/12-16:15:57.253891 5bfc                Options.blob_file_starting_level: 0
2026/06/12-16:15:57.253897 5bfc         Options.experimental_mempurge_threshold: 0.000000
2026/06/12-16:15:57.253901 5bfc            Options.memtable_max_range_deletions: 0
2026/06/12-16:15:57.253907 5bfc                  Options.cf_allow_ingest_behind: false
2026/06/12-16:15:57.254521 5bfc               Options.comparator: leveldb.BytewiseComparator
2026/06/12-16:15:57.254534 5bfc           Options.merge_operator: None
2026/06/12-16:15:57.254539 5bfc        Options.compaction_filter: None
2026/06/12-16:15:57.254544 5bfc        Options.compaction_filter_factory: None
2026/06/12-16:15:57.254549 5bfc  Options.sst_partitioner_factory: None
2026/06/12-16:15:57.254554 5bfc         Options.memtable_factory: SkipListFactory
2026/06/12-16:15:57.254559 5bfc            Options.table_factory: BlockBasedTable
2026/06/12-16:15:57.254592 5bfc            table_factory options:   flush_block_policy_factory: FlushBlockBySizePolicyFactory (000001CDBB86E260)
  cache_index_and_filter_blocks: 0
  cache_index_and_filter_blocks_with_high_priority: 1
  pin_l0_filter_and_index_blocks_in_cache: 0
  pin_top_level_index_and_filter: 1
  index_type: 0
  data_block_index_type: 0
  index_shortening: 1
  data_block_hash_table_util_ratio: 0.750000
  checksum: 4
  no_block_cache: 0
  block_cache: 000001CDBB3F1D90
  block_cache_name: AutoHyperClockCache
  block_cache_options:
    capacity : 33554432
    num_shard_bits : 0
    strict_capacity_limit : 0
    memory_allocator : None
  persistent_cache: 0000000000000000
  block_size: 4096
  block_size_deviation: 10
  block_restart_interval: 16
  index_block_restart_interval: 16
  metadata_block_size: 4096
