2026/06/11-14:48:20.998539 58f0 RocksDB version: 11.0.4
2026/06/11-14:48:20.999086 58f0 DB SUMMARY
2026/06/11-14:48:20.999119 58f0 Host name (Env):  SMART-LYNC
2026/06/11-14:48:20.999133 58f0 DB Session ID:  KTDITDB3XM887MATQ75L
2026/06/11-14:48:21.001578 58f0 CURRENT file:  CURRENT
2026/06/11-14:48:21.001613 58f0 IDENTITY file:  IDENTITY
2026/06/11-14:48:21.001713 58f0 MANIFEST file:  MANIFEST-000212 size: 2130 Bytes
2026/06/11-14:48:21.001727 58f0 SST files in C:\Users\huanc\Work\GitRepo\Keel\.cataforge\kg\store dir, Total Num: 7, files: 000020.sst 000166.sst 000193.sst 000200.sst 000206.sst 000207.sst 000208.sst 
2026/06/11-14:48:21.001760 58f0 Write Ahead Log file in C:\Users\huanc\Work\GitRepo\Keel\.cataforge\kg\store: 000211.log size: 0 ; 
2026/06/11-14:48:21.001982 58f0                         Options.error_if_exists: 0
2026/06/11-14:48:21.001993 58f0                       Options.create_if_missing: 1
2026/06/11-14:48:21.001997 58f0                         Options.paranoid_checks: 1
2026/06/11-14:48:21.002001 58f0             Options.flush_verify_memtable_count: 1
2026/06/11-14:48:21.002005 58f0          Options.compaction_verify_record_count: 1
2026/06/11-14:48:21.002009 58f0                               Options.track_and_verify_wals_in_manifest: 0
2026/06/11-14:48:21.002013 58f0                               Options.track_and_verify_wals: 0
2026/06/11-14:48:21.002018 58f0        Options.verify_sst_unique_id_in_manifest: 1
2026/06/11-14:48:21.002022 58f0                                     Options.env: 00000278070F5390
2026/06/11-14:48:21.002027 58f0                                      Options.fs: WinFS
2026/06/11-14:48:21.002031 58f0                                Options.info_log: 00000278077B6B90
2026/06/11-14:48:21.002036 58f0                Options.max_file_opening_threads: 16
2026/06/11-14:48:21.002039 58f0                              Options.statistics: 0000000000000000
2026/06/11-14:48:21.002043 58f0                               Options.use_fsync: 0
2026/06/11-14:48:21.002047 58f0                       Options.max_log_file_size: 1048576
2026/06/11-14:48:21.002051 58f0                   Options.log_file_time_to_roll: 0
2026/06/11-14:48:21.002055 58f0                       Options.keep_log_file_num: 1000
2026/06/11-14:48:21.002059 58f0                    Options.recycle_log_file_num: 10
2026/06/11-14:48:21.002062 58f0                         Options.allow_fallocate: 1
2026/06/11-14:48:21.002066 58f0                        Options.allow_mmap_reads: 0
2026/06/11-14:48:21.002070 58f0                       Options.allow_mmap_writes: 0
2026/06/11-14:48:21.002074 58f0                        Options.use_direct_reads: 0
2026/06/11-14:48:21.002078 58f0                        Options.use_direct_io_for_flush_and_compaction: 0
2026/06/11-14:48:21.002081 58f0          Options.create_missing_column_families: 1
2026/06/11-14:48:21.002085 58f0                              Options.db_log_dir: 
2026/06/11-14:48:21.002089 58f0                                 Options.wal_dir: 
2026/06/11-14:48:21.002093 58f0                Options.table_cache_numshardbits: 6
2026/06/11-14:48:21.002097 58f0                         Options.WAL_ttl_seconds: 0
2026/06/11-14:48:21.002101 58f0                       Options.WAL_size_limit_MB: 0
2026/06/11-14:48:21.002105 58f0                        Options.max_write_batch_group_size_bytes: 1048576
2026/06/11-14:48:21.002109 58f0                     Options.is_fd_close_on_exec: 1
2026/06/11-14:48:21.002128 58f0                   Options.advise_random_on_open: 1
2026/06/11-14:48:21.002133 58f0                    Options.db_write_buffer_size: 0
2026/06/11-14:48:21.002138 58f0                    Options.write_buffer_manager: 00000278070F60B0
2026/06/11-14:48:21.002141 58f0                      Options.use_adaptive_mutex: 0
2026/06/11-14:48:21.002145 58f0                            Options.rate_limiter: 0000000000000000
2026/06/11-14:48:21.002150 58f0     Options.sst_file_manager.rate_bytes_per_sec: 0
2026/06/11-14:48:21.002154 58f0                       Options.wal_recovery_mode: 2
2026/06/11-14:48:21.002158 58f0                  Options.enable_thread_tracking: 0
2026/06/11-14:48:21.002192 58f0                  Options.enable_pipelined_write: 0
2026/06/11-14:48:21.002199 58f0                  Options.unordered_write: 0
2026/06/11-14:48:21.002203 58f0         Options.allow_concurrent_memtable_write: 1
2026/06/11-14:48:21.002209 58f0      Options.enable_write_thread_adaptive_yield: 1
2026/06/11-14:48:21.002213 58f0             Options.write_thread_max_yield_usec: 100
2026/06/11-14:48:21.002217 58f0            Options.write_thread_slow_yield_usec: 3
2026/06/11-14:48:21.002221 58f0                               Options.row_cache: None
2026/06/11-14:48:21.002225 58f0                              Options.wal_filter: None
2026/06/11-14:48:21.002229 58f0             Options.avoid_flush_during_recovery: 0
2026/06/11-14:48:21.002233 58f0             Options.allow_ingest_behind: 0
2026/06/11-14:48:21.002236 58f0             Options.two_write_queues: 0
2026/06/11-14:48:21.002240 58f0             Options.manual_wal_flush: 0
2026/06/11-14:48:21.002244 58f0             Options.wal_compression: 0
2026/06/11-14:48:21.002247 58f0             Options.background_close_inactive_wals: 0
2026/06/11-14:48:21.002251 58f0             Options.atomic_flush: 0
2026/06/11-14:48:21.002255 58f0             Options.avoid_unnecessary_blocking_io: 0
2026/06/11-14:48:21.002259 58f0             Options.prefix_seek_opt_in_only: 0
2026/06/11-14:48:21.002263 58f0                 Options.persist_stats_to_disk: 0
2026/06/11-14:48:21.002266 58f0                 Options.write_dbid_to_manifest: 1
2026/06/11-14:48:21.002270 58f0                 Options.write_identity_file: 1
2026/06/11-14:48:21.002274 58f0                 Options.log_readahead_size: 0
2026/06/11-14:48:21.002278 58f0                 Options.file_checksum_gen_factory: Unknown
2026/06/11-14:48:21.002282 58f0                 Options.best_efforts_recovery: 0
2026/06/11-14:48:21.002286 58f0                Options.max_bgerror_resume_count: 2147483647
2026/06/11-14:48:21.002290 58f0            Options.bgerror_resume_retry_interval: 1000000
2026/06/11-14:48:21.002294 58f0             Options.allow_data_in_errors: 0
2026/06/11-14:48:21.002297 58f0             Options.db_host_id: __hostname__
2026/06/11-14:48:21.002301 58f0             Options.enforce_single_del_contracts: true
2026/06/11-14:48:21.002305 58f0             Options.metadata_write_temperature: kUnknown
2026/06/11-14:48:21.002309 58f0             Options.wal_write_temperature: kUnknown
2026/06/11-14:48:21.002313 58f0             Options.max_background_jobs: 8
2026/06/11-14:48:21.002317 58f0             Options.max_background_compactions: -1
2026/06/11-14:48:21.002320 58f0             Options.max_subcompactions: 1
2026/06/11-14:48:21.002324 58f0             Options.avoid_flush_during_shutdown: 0
2026/06/11-14:48:21.002328 58f0           Options.writable_file_max_buffer_size: 1048576
2026/06/11-14:48:21.002332 58f0             Options.delayed_write_rate : 16777216
2026/06/11-14:48:21.002336 58f0             Options.max_total_wal_size: 0
2026/06/11-14:48:21.002339 58f0             Options.delete_obsolete_files_period_micros: 21600000000
2026/06/11-14:48:21.002343 58f0                   Options.stats_dump_period_sec: 600
2026/06/11-14:48:21.002347 58f0                 Options.stats_persist_period_sec: 600
2026/06/11-14:48:21.002351 58f0                 Options.stats_history_buffer_size: 1048576
2026/06/11-14:48:21.002355 58f0                          Options.max_open_files: 464
2026/06/11-14:48:21.002358 58f0                          Options.bytes_per_sync: 0
2026/06/11-14:48:21.002362 58f0                      Options.wal_bytes_per_sync: 0
2026/06/11-14:48:21.002366 58f0                   Options.strict_bytes_per_sync: 0
2026/06/11-14:48:21.002370 58f0       Options.compaction_readahead_size: 2097152
2026/06/11-14:48:21.002374 58f0                  Options.max_background_flushes: -1
2026/06/11-14:48:21.002378 58f0                  Options.max_manifest_file_size: 1073741824
2026/06/11-14:48:21.002385 58f0                  Options.max_manifest_space_amp_pct: 500
2026/06/11-14:48:21.002408 58f0             Options.manifest_preallocation_size: 4194304
2026/06/11-14:48:21.002413 58f0 Options.daily_offpeak_time_utc: 
2026/06/11-14:48:21.002419 58f0 Compression algorithms supported:
2026/06/11-14:48:21.002424 58f0 	kZSTD supported: 0
2026/06/11-14:48:21.002428 58f0 	kCustomCompressionA3 supported: 0
2026/06/11-14:48:21.002432 58f0 	kSnappyCompression supported: 0
2026/06/11-14:48:21.002435 58f0 	kCustomCompressionA5 supported: 0
2026/06/11-14:48:21.002439 58f0 	kBZip2Compression supported: 0
2026/06/11-14:48:21.002443 58f0 	kZlibCompression supported: 0
2026/06/11-14:48:21.002447 58f0 	kLZ4Compression supported: 1
2026/06/11-14:48:21.002451 58f0 	kXpressCompression supported: 0
2026/06/11-14:48:21.002454 58f0 	kCustomCompressionA7 supported: 0
2026/06/11-14:48:21.002458 58f0 	kLZ4HCCompression supported: 1
2026/06/11-14:48:21.002462 58f0 	kCustomCompressionB2 supported: 0
2026/06/11-14:48:21.002465 58f0 	kCustomCompression9C supported: 0
2026/06/11-14:48:21.002469 58f0 	kCustomCompression80 supported: 0
2026/06/11-14:48:21.002473 58f0 	kCustomCompressionB3 supported: 0
2026/06/11-14:48:21.002476 58f0 	kCustomCompression9B supported: 0
2026/06/11-14:48:21.002480 58f0 	kCustomCompression81 supported: 0
2026/06/11-14:48:21.002484 58f0 	kCustomCompressionB0 supported: 0
2026/06/11-14:48:21.002487 58f0 	kCustomCompression9A supported: 0
2026/06/11-14:48:21.002491 58f0 	kCustomCompression82 supported: 0
2026/06/11-14:48:21.002494 58f0 	kCustomCompressionB1 supported: 0
2026/06/11-14:48:21.002499 58f0 	kCustomCompression83 supported: 0
2026/06/11-14:48:21.002503 58f0 	kCustomCompressionB6 supported: 0
2026/06/11-14:48:21.002506 58f0 	kCustomCompression84 supported: 0
2026/06/11-14:48:21.002510 58f0 	kCustomCompressionB7 supported: 0
2026/06/11-14:48:21.002555 58f0 	kCustomCompression9F supported: 0
2026/06/11-14:48:21.002560 58f0 	kCustomCompression85 supported: 0
2026/06/11-14:48:21.002563 58f0 	kCustomCompressionB4 supported: 0
2026/06/11-14:48:21.002567 58f0 	kCustomCompression9E supported: 0
2026/06/11-14:48:21.002570 58f0 	kCustomCompression86 supported: 0
2026/06/11-14:48:21.002574 58f0 	kCustomCompressionB5 supported: 0
2026/06/11-14:48:21.002577 58f0 	kCustomCompression9D supported: 0
2026/06/11-14:48:21.002581 58f0 	kCustomCompression87 supported: 0
2026/06/11-14:48:21.002584 58f0 	kCustomCompression88 supported: 0
2026/06/11-14:48:21.002588 58f0 	kCustomCompression89 supported: 0
2026/06/11-14:48:21.002591 58f0 	kCustomCompression92 supported: 0
2026/06/11-14:48:21.002595 58f0 	kCustomCompression8A supported: 0
2026/06/11-14:48:21.002599 58f0 	kCustomCompression91 supported: 0
2026/06/11-14:48:21.002602 58f0 	kCustomCompression8B supported: 0
2026/06/11-14:48:21.002606 58f0 	kCustomCompression90 supported: 0
2026/06/11-14:48:21.002609 58f0 	kCustomCompression8C supported: 0
2026/06/11-14:48:21.002613 58f0 	kCustomCompression97 supported: 0
2026/06/11-14:48:21.002616 58f0 	kCustomCompression8D supported: 0
2026/06/11-14:48:21.002620 58f0 	kCustomCompression96 supported: 0
2026/06/11-14:48:21.002623 58f0 	kCustomCompression8E supported: 0
2026/06/11-14:48:21.002627 58f0 	kCustomCompression95 supported: 0
2026/06/11-14:48:21.002630 58f0 	kCustomCompression8F supported: 0
2026/06/11-14:48:21.002634 58f0 	kCustomCompression93 supported: 0
2026/06/11-14:48:21.002637 58f0 	kCustomCompression94 supported: 0
2026/06/11-14:48:21.002641 58f0 	kCustomCompression98 supported: 0
2026/06/11-14:48:21.002645 58f0 	kCustomCompression99 supported: 0
2026/06/11-14:48:21.002648 58f0 	kCustomCompressionA0 supported: 0
2026/06/11-14:48:21.002652 58f0 	kCustomCompressionA1 supported: 0
2026/06/11-14:48:21.002656 58f0 	kCustomCompressionA2 supported: 0
2026/06/11-14:48:21.002659 58f0 	kCustomCompressionA4 supported: 0
2026/06/11-14:48:21.002663 58f0 	kCustomCompressionA6 supported: 0
2026/06/11-14:48:21.002666 58f0 	kCustomCompressionA8 supported: 0
2026/06/11-14:48:21.002670 58f0 	kCustomCompressionA9 supported: 0
2026/06/11-14:48:21.002673 58f0 	kCustomCompressionAA supported: 0
2026/06/11-14:48:21.002677 58f0 	kCustomCompressionAB supported: 0
2026/06/11-14:48:21.002682 58f0 	kCustomCompressionAC supported: 0
2026/06/11-14:48:21.002687 58f0 	kCustomCompressionAD supported: 0
2026/06/11-14:48:21.002690 58f0 	kCustomCompressionAE supported: 0
2026/06/11-14:48:21.002694 58f0 	kCustomCompressionAF supported: 0
2026/06/11-14:48:21.002698 58f0 	kCustomCompressionB8 supported: 0
2026/06/11-14:48:21.002701 58f0 	kCustomCompressionB9 supported: 0
2026/06/11-14:48:21.002705 58f0 	kCustomCompressionBA supported: 0
2026/06/11-14:48:21.002708 58f0 	kCustomCompressionBB supported: 0
2026/06/11-14:48:21.002713 58f0 	kCustomCompressionBC supported: 0
2026/06/11-14:48:21.002716 58f0 	kCustomCompressionBD supported: 0
2026/06/11-14:48:21.002720 58f0 	kCustomCompressionBE supported: 0
2026/06/11-14:48:21.002723 58f0 	kCustomCompressionBF supported: 0
2026/06/11-14:48:21.002727 58f0 	kCustomCompressionC0 supported: 0
2026/06/11-14:48:21.002731 58f0 	kCustomCompressionC1 supported: 0
2026/06/11-14:48:21.002734 58f0 	kCustomCompressionC2 supported: 0
2026/06/11-14:48:21.002738 58f0 	kCustomCompressionC3 supported: 0
2026/06/11-14:48:21.002741 58f0 	kCustomCompressionC4 supported: 0
2026/06/11-14:48:21.002745 58f0 	kCustomCompressionC5 supported: 0
2026/06/11-14:48:21.002748 58f0 	kCustomCompressionC6 supported: 0
2026/06/11-14:48:21.002752 58f0 	kCustomCompressionC7 supported: 0
2026/06/11-14:48:21.002756 58f0 	kCustomCompressionC8 supported: 0
2026/06/11-14:48:21.002759 58f0 	kCustomCompressionC9 supported: 0
2026/06/11-14:48:21.002763 58f0 	kCustomCompressionCA supported: 0
2026/06/11-14:48:21.002767 58f0 	kCustomCompressionCB supported: 0
2026/06/11-14:48:21.002771 58f0 	kCustomCompressionCC supported: 0
2026/06/11-14:48:21.002774 58f0 	kCustomCompressionCD supported: 0
2026/06/11-14:48:21.002825 58f0 	kCustomCompressionCE supported: 0
2026/06/11-14:48:21.002832 58f0 	kCustomCompressionCF supported: 0
2026/06/11-14:48:21.002838 58f0 	kCustomCompressionD0 supported: 0
2026/06/11-14:48:21.002843 58f0 	kCustomCompressionD1 supported: 0
2026/06/11-14:48:21.002849 58f0 	kCustomCompressionD2 supported: 0
2026/06/11-14:48:21.002854 58f0 	kCustomCompressionD3 supported: 0
2026/06/11-14:48:21.002885 58f0 	kCustomCompressionD4 supported: 0
2026/06/11-14:48:21.002892 58f0 	kCustomCompressionD5 supported: 0
2026/06/11-14:48:21.002898 58f0 	kCustomCompressionD6 supported: 0
2026/06/11-14:48:21.002904 58f0 	kCustomCompressionD7 supported: 0
2026/06/11-14:48:21.002910 58f0 	kCustomCompressionD8 supported: 0
2026/06/11-14:48:21.002916 58f0 	kCustomCompressionD9 supported: 0
2026/06/11-14:48:21.002922 58f0 	kCustomCompressionDA supported: 0
2026/06/11-14:48:21.002927 58f0 	kCustomCompressionDB supported: 0
2026/06/11-14:48:21.002932 58f0 	kCustomCompressionDC supported: 0
2026/06/11-14:48:21.002938 58f0 	kCustomCompressionDD supported: 0
2026/06/11-14:48:21.002943 58f0 	kCustomCompressionDE supported: 0
2026/06/11-14:48:21.002948 58f0 	kCustomCompressionDF supported: 0
2026/06/11-14:48:21.002953 58f0 	kCustomCompressionE0 supported: 0
2026/06/11-14:48:21.002958 58f0 	kCustomCompressionE1 supported: 0
2026/06/11-14:48:21.002963 58f0 	kCustomCompressionE2 supported: 0
2026/06/11-14:48:21.002968 58f0 	kCustomCompressionE3 supported: 0
2026/06/11-14:48:21.002973 58f0 	kCustomCompressionE4 supported: 0
2026/06/11-14:48:21.002979 58f0 	kCustomCompressionE5 supported: 0
2026/06/11-14:48:21.002983 58f0 	kCustomCompressionE6 supported: 0
2026/06/11-14:48:21.002988 58f0 	kCustomCompressionE7 supported: 0
2026/06/11-14:48:21.002993 58f0 	kCustomCompressionE8 supported: 0
2026/06/11-14:48:21.002998 58f0 	kCustomCompressionE9 supported: 0
2026/06/11-14:48:21.003003 58f0 	kCustomCompressionEA supported: 0
2026/06/11-14:48:21.003008 58f0 	kCustomCompressionEB supported: 0
2026/06/11-14:48:21.003013 58f0 	kCustomCompressionEC supported: 0
2026/06/11-14:48:21.003020 58f0 	kCustomCompressionED supported: 0
2026/06/11-14:48:21.003026 58f0 	kCustomCompressionEE supported: 0
2026/06/11-14:48:21.003032 58f0 	kCustomCompressionEF supported: 0
2026/06/11-14:48:21.003037 58f0 	kCustomCompressionF0 supported: 0
2026/06/11-14:48:21.003075 58f0 	kCustomCompressionF1 supported: 0
2026/06/11-14:48:21.003081 58f0 	kCustomCompressionF2 supported: 0
2026/06/11-14:48:21.003085 58f0 	kCustomCompressionF3 supported: 0
2026/06/11-14:48:21.003089 58f0 	kCustomCompressionF4 supported: 0
2026/06/11-14:48:21.003093 58f0 	kCustomCompressionF5 supported: 0
2026/06/11-14:48:21.003096 58f0 	kCustomCompressionF6 supported: 0
2026/06/11-14:48:21.003100 58f0 	kCustomCompressionF7 supported: 0
2026/06/11-14:48:21.003104 58f0 	kCustomCompressionF8 supported: 0
2026/06/11-14:48:21.003108 58f0 	kCustomCompressionF9 supported: 0
2026/06/11-14:48:21.003111 58f0 	kCustomCompressionFA supported: 0
2026/06/11-14:48:21.003115 58f0 	kCustomCompressionFB supported: 0
2026/06/11-14:48:21.003119 58f0 	kCustomCompressionFC supported: 0
2026/06/11-14:48:21.003122 58f0 	kCustomCompressionFD supported: 0
2026/06/11-14:48:21.003126 58f0 	kCustomCompressionFE supported: 0
2026/06/11-14:48:21.003135 58f0 Fast CRC32 supported: Not supported on x86
2026/06/11-14:48:21.003139 58f0 DMutex implementation: std::mutex
2026/06/11-14:48:21.003143 58f0 Jemalloc supported: 0
2026/06/11-14:48:21.026600 58f0               Options.comparator: leveldb.BytewiseComparator
2026/06/11-14:48:21.026632 58f0           Options.merge_operator: None
2026/06/11-14:48:21.026640 58f0        Options.compaction_filter: None
2026/06/11-14:48:21.026646 58f0        Options.compaction_filter_factory: None
2026/06/11-14:48:21.026651 58f0  Options.sst_partitioner_factory: None
2026/06/11-14:48:21.026657 58f0         Options.memtable_factory: SkipListFactory
2026/06/11-14:48:21.026663 58f0            Options.table_factory: BlockBasedTable
2026/06/11-14:48:21.026713 58f0            table_factory options:   flush_block_policy_factory: FlushBlockBySizePolicyFactory (0000027809D8CE20)
  cache_index_and_filter_blocks: 0
  cache_index_and_filter_blocks_with_high_priority: 1
  pin_l0_filter_and_index_blocks_in_cache: 0
  pin_top_level_index_and_filter: 1
  index_type: 0
  data_block_index_type: 0
  index_shortening: 1
  data_block_hash_table_util_ratio: 0.750000
  checksum: 4
  no_block_cache: 0
  block_cache: 0000027809922ED0
  block_cache_name: AutoHyperClockCache
  block_cache_options:
    capacity : 33554432
    num_shard_bits : 0
    strict_capacity_limit : 0
    memory_allocator : None
  persistent_cache: 0000000000000000
  block_size: 4096
  block_size_deviation: 10
  block_restart_interval: 16
  index_block_restart_interval: 16
  metadata_block_size: 4096
  partition_filters: 0
  use_delta_encoding: 1
  filter_policy: nullptr
  user_defined_index_factory: nullptr
  fail_if_no_udi_on_open: 0
  whole_key_filtering: 1
  verify_compression: 0
  read_amp_bytes_per_bit: 0
  format_version: 5
  enable_index_compression: 1
  block_align: 0
  super_block_alignment_size: 0
  super_block_alignment_space_overhead_ratio: 128
  max_auto_readahead_size: 262144
  prepopulate_block_cache: 0
  initial_auto_readahead_size: 8192
  num_file_reads_for_auto_readahead: 2
2026/06/11-14:48:21.026723 58f0        Options.write_buffer_size: 134217728
2026/06/11-14:48:21.026729 58f0  Options.max_write_buffer_number: 6
2026/06/11-14:48:21.026739 58f0        Options.compression[0]: NoCompression
2026/06/11-14:48:21.026745 58f0        Options.compression[1]: NoCompression
2026/06/11-14:48:21.026751 58f0        Options.compression[2]: LZ4
2026/06/11-14:48:21.026758 58f0        Options.compression[3]: LZ4
2026/06/11-14:48:21.026764 58f0        Options.compression[4]: LZ4
2026/06/11-14:48:21.026769 58f0        Options.compression[5]: LZ4
2026/06/11-14:48:21.026774 58f0        Options.compression[6]: LZ4
2026/06/11-14:48:21.026780 58f0                  Options.bottommost_compression: Disabled
2026/06/11-14:48:21.026786 58f0       Options.prefix_extractor: nullptr
2026/06/11-14:48:21.026792 58f0   Options.memtable_insert_with_hint_prefix_extractor: nullptr
2026/06/11-14:48:21.026798 58f0             Options.num_levels: 7
2026/06/11-14:48:21.026804 58f0        Options.min_write_buffer_number_to_merge: 2
2026/06/11-14:48:21.026818 58f0     Options.max_write_buffer_size_to_maintain: 0
2026/06/11-14:48:21.026828 58f0            Options.bottommost_compression_opts.window_bits: -14
2026/06/11-14:48:21.026834 58f0                  Options.bottommost_compression_opts.level: 32767
2026/06/11-14:48:21.026840 58f0               Options.bottommost_compression_opts.strategy: 0
2026/06/11-14:48:21.026847 58f0         Options.bottommost_compression_opts.max_dict_bytes: 0
2026/06/11-14:48:21.026853 58f0         Options.bottommost_compression_opts.zstd_max_train_bytes: 0
2026/06/11-14:48:21.026864 58f0         Options.bottommost_compression_opts.parallel_threads: 1
2026/06/11-14:48:21.026870 58f0                  Options.bottommost_compression_opts.enabled: false
2026/06/11-14:48:21.026876 58f0         Options.bottommost_compression_opts.max_dict_buffer_bytes: 0
2026/06/11-14:48:21.026882 58f0         Options.bottommost_compression_opts.use_zstd_dict_trainer: true
2026/06/11-14:48:21.026888 58f0            Options.compression_opts.window_bits: -14
2026/06/11-14:48:21.026895 58f0                  Options.compression_opts.level: 32767
2026/06/11-14:48:21.026901 58f0               Options.compression_opts.strategy: 0
2026/06/11-14:48:21.026907 58f0         Options.compression_opts.max_dict_bytes: 0
2026/06/11-14:48:21.026913 58f0         Options.compression_opts.zstd_max_train_bytes: 0
2026/06/11-14:48:21.026919 58f0         Options.compression_opts.use_zstd_dict_trainer: true
2026/06/11-14:48:21.026924 58f0         Options.compression_opts.parallel_threads: 1
2026/06/11-14:48:21.026930 58f0                  Options.compression_opts.enabled: false
2026/06/11-14:48:21.026936 58f0         Options.compression_opts.max_dict_buffer_bytes: 0
2026/06/11-14:48:21.026942 58f0      Options.level0_file_num_compaction_trigger: 2
2026/06/11-14:48:21.026948 58f0          Options.level0_slowdown_writes_trigger: 20
2026/06/11-14:48:21.026953 58f0              Options.level0_stop_writes_trigger: 36
2026/06/11-14:48:21.026960 58f0                   Options.target_file_size_base: 67108864
2026/06/11-14:48:21.026966 58f0             Options.target_file_size_multiplier: 1
2026/06/11-14:48:21.026971 58f0            Options.target_file_size_is_upper_bound: 0
2026/06/11-14:48:21.026978 58f0                Options.max_bytes_for_level_base: 536870912
2026/06/11-14:48:21.026983 58f0 Options.level_compaction_dynamic_level_bytes: 1
2026/06/11-14:48:21.026991 58f0          Options.max_bytes_for_level_multiplier: 10.000000
2026/06/11-14:48:21.026998 58f0 Options.max_bytes_for_level_multiplier_addtl[0]: 1
2026/06/11-14:48:21.027004 58f0 Options.max_bytes_for_level_multiplier_addtl[1]: 1
2026/06/11-14:48:21.027010 58f0 Options.max_bytes_for_level_multiplier_addtl[2]: 1
2026/06/11-14:48:21.027016 58f0 Options.max_bytes_for_level_multiplier_addtl[3]: 1
2026/06/11-14:48:21.027022 58f0 Options.max_bytes_for_level_multiplier_addtl[4]: 1
2026/06/11-14:48:21.027027 58f0 Options.max_bytes_for_level_multiplier_addtl[5]: 1
2026/06/11-14:48:21.027033 58f0 Options.max_bytes_for_level_multiplier_addtl[6]: 1
2026/06/11-14:48:21.027039 58f0       Options.max_sequential_skip_in_iterations: 8
2026/06/11-14:48:21.027045 58f0          Options.memtable_op_scan_flush_trigger: 0
2026/06/11-14:48:21.027147 58f0      Options.memtable_avg_op_scan_flush_trigger: 0
2026/06/11-14:48:21.027155 58f0                    Options.max_compaction_bytes: 1677721600
2026/06/11-14:48:21.027161 58f0                        Options.arena_block_size: 1048576
2026/06/11-14:48:21.027167 58f0   Options.soft_pending_compaction_bytes_limit: 68719476736
2026/06/11-14:48:21.027172 58f0   Options.hard_pending_compaction_bytes_limit: 274877906944
2026/06/11-14:48:21.027178 58f0                Options.disable_auto_compactions: 0
2026/06/11-14:48:21.027186 58f0                        Options.compaction_style: kCompactionStyleLevel
2026/06/11-14:48:21.027192 58f0                          Options.compaction_pri: kMinOverlappingRatio
2026/06/11-14:48:21.027198 58f0 Options.compaction_options_universal.size_ratio: 1
2026/06/11-14:48:21.027203 58f0 Options.compaction_options_universal.min_merge_width: 2
2026/06/11-14:48:21.027213 58f0 Options.compaction_options_universal.max_merge_width: 4294967295
2026/06/11-14:48:21.027221 58f0 Options.compaction_options_universal.max_size_amplification_percent: 200
2026/06/11-14:48:21.027227 58f0 Options.compaction_options_universal.compression_size_percent: -1
2026/06/11-14:48:21.027234 58f0 Options.compaction_options_universal.stop_style: kCompactionStopStyleTotalSize
2026/06/11-14:48:21.027240 58f0 Options.compaction_options_universal.max_read_amp: -1
2026/06/11-14:48:21.027245 58f0 Options.compaction_options_universal.reduce_file_locking: 1
2026/06/11-14:48:21.027254 58f0 Options.compaction_options_fifo.max_table_files_size: 1073741824
2026/06/11-14:48:21.027260 58f0 Options.compaction_options_fifo.allow_compaction: 0
2026/06/11-14:48:21.027270 58f0                   Options.table_properties_collectors: 
2026/06/11-14:48:21.027276 58f0                   Options.inplace_update_support: 0
2026/06/11-14:48:21.027281 58f0                 Options.inplace_update_num_locks: 10000
2026/06/11-14:48:21.027287 58f0               Options.memtable_prefix_bloom_size_ratio: 0.000000
2026/06/11-14:48:21.027293 58f0               Options.memtable_whole_key_filtering: 0
2026/06/11-14:48:21.027299 58f0   Options.memtable_huge_page_size: 0
2026/06/11-14:48:21.027305 58f0                           Options.bloom_locality: 0
2026/06/11-14:48:21.027310 58f0                    Options.max_successive_merges: 0
2026/06/11-14:48:21.027316 58f0             Options.strict_max_successive_merges: 0
2026/06/11-14:48:21.027322 58f0                Options.optimize_filters_for_hits: 0
2026/06/11-14:48:21.027327 58f0                Options.paranoid_file_checks: 0
2026/06/11-14:48:21.027332 58f0                Options.force_consistency_checks: 1
2026/06/11-14:48:21.027337 58f0                Options.report_bg_io_stats: 0
2026/06/11-14:48:21.027343 58f0                Options.disallow_memtable_writes: 0
2026/06/11-14:48:21.027348 58f0                               Options.ttl: 2592000
2026/06/11-14:48:21.027353 58f0          Options.periodic_compaction_seconds: 0
2026/06/11-14:48:21.027359 58f0                        Options.default_temperature: kUnknown
2026/06/11-14:48:21.027365 58f0  Options.preclude_last_level_data_seconds: 0
2026/06/11-14:48:21.027370 58f0    Options.preserve_internal_time_seconds: 0
2026/06/11-14:48:21.027409 58f0                       Options.enable_blob_files: false
2026/06/11-14:48:21.027420 58f0                           Options.min_blob_size: 0
2026/06/11-14:48:21.027427 58f0                          Options.blob_file_size: 268435456
2026/06/11-14:48:21.027435 58f0                   Options.blob_compression_type: NoCompression
2026/06/11-14:48:21.027442 58f0          Options.enable_blob_garbage_collection: false
2026/06/11-14:48:21.027449 58f0      Options.blob_garbage_collection_age_cutoff: 0.250000
2026/06/11-14:48:21.027456 58f0 Options.blob_garbage_collection_force_threshold: 1.000000
2026/06/11-14:48:21.027463 58f0          Options.blob_compaction_readahead_size: 0
2026/06/11-14:48:21.027469 58f0                Options.blob_file_starting_level: 0
2026/06/11-14:48:21.027475 58f0         Options.experimental_mempurge_threshold: 0.000000
2026/06/11-14:48:21.027481 58f0            Options.memtable_max_range_deletions: 0
2026/06/11-14:48:21.027487 58f0                  Options.cf_allow_ingest_behind: false
2026/06/11-14:48:21.027791 58f0               Options.comparator: leveldb.BytewiseComparator
2026/06/11-14:48:21.027805 58f0           Options.merge_operator: None
2026/06/11-14:48:21.027811 58f0        Options.compaction_filter: None
2026/06/11-14:48:21.027816 58f0        Options.compaction_filter_factory: None
2026/06/11-14:48:21.027822 58f0  Options.sst_partitioner_factory: None
2026/06/11-14:48:21.027827 58f0         Options.memtable_factory: SkipListFactory
2026/06/11-14:48:21.027833 58f0            Options.table_factory: BlockBasedTable
2026/06/11-14:48:21.027884 58f0            table_factory options:   flush_block_policy_factory: FlushBlockBySizePolicyFactory (0000027809D8C400)
  cache_index_and_filter_blocks: 0
  cache_index_and_filter_blocks_with_high_priority: 1
  pin_l0_filter_and_index_blocks_in_cache: 0
  pin_top_level_index_and_filter: 1
  index_type: 0
  data_block_index_type: 1
  index_shortening: 1
  data_block_hash_table_util_ratio: 0.750000
  checksum: 4
  no_block_cache: 0
  block_cache: 0000027809922320
  block_cache_name: LRUCache
  block_cache_options:
    capacity : 134217728
    num_shard_bits : 6
    strict_capacity_limit : 0
    memory_allocator : None
    high_pri_pool_ratio: 0.500
    low_pri_pool_ratio: 0.000
  persistent_cache: 0000000000000000
  block_size: 4096
  block_size_deviation: 10
  block_restart_interval: 16
  index_block_restart_interval: 1
  metadata_block_size: 4096
  partition_filters: 0
  use_delta_encoding: 1
  filter_policy: bloomfilter
  user_defined_index_factory: nullptr
  fail_if_no_udi_on_open: 0
  whole_key_filtering: 1
  verify_compression: 0
  read_amp_bytes_per_bit: 0
  format_version: 7
  enable_index_compression: 1
  block_align: 0
  super_block_alignment_size: 0
  super_block_alignment_space_overhead_ratio: 128
  max_auto_readahead_size: 262144
  prepopulate_block_cache: 0
  initial_auto_readahead_size: 8192
  num_file_reads_for_auto_readahead: 2
2026/06/11-14:48:21.027896 58f0        Options.write_buffer_size: 134217728
2026/06/11-14:48:21.027904 58f0  Options.max_write_buffer_number: 6
2026/06/11-14:48:21.027910 58f0        Options.compression[0]: NoCompression
2026/06/11-14:48:21.027930 58f0        Options.compression[1]: NoCompression
2026/06/11-14:48:21.027950 58f0        Options.compression[2]: LZ4
2026/06/11-14:48:21.027956 58f0        Options.compression[3]: LZ4
2026/06/11-14:48:21.027962 58f0        Options.compression[4]: LZ4
2026/06/11-14:48:21.027967 58f0        Options.compression[5]: LZ4
2026/06/11-14:48:21.027973 58f0        Options.compression[6]: LZ4
2026/06/11-14:48:21.027979 58f0                  Options.bottommost_compression: Disabled
2026/06/11-14:48:21.027985 58f0       Options.prefix_extractor: nullptr
2026/06/11-14:48:21.027991 58f0   Options.memtable_insert_with_hint_prefix_extractor: nullptr
2026/06/11-14:48:21.027997 58f0             Options.num_levels: 7
2026/06/11-14:48:21.028002 58f0        Options.min_write_buffer_number_to_merge: 2
2026/06/11-14:48:21.028008 58f0     Options.max_write_buffer_size_to_maintain: 0
2026/06/11-14:48:21.028013 58f0            Options.bottommost_compression_opts.window_bits: -14
2026/06/11-14:48:21.028018 58f0                  Options.bottommost_compression_opts.level: 32767
2026/06/11-14:48:21.028022 58f0               Options.bottommost_compression_opts.strategy: 0
2026/06/11-14:48:21.028026 58f0         Options.bottommost_compression_opts.max_dict_bytes: 0
2026/06/11-14:48:21.028030 58f0         Options.bottommost_compression_opts.zstd_max_train_bytes: 0
2026/06/11-14:48:21.028034 58f0         Options.bottommost_compression_opts.parallel_threads: 1
2026/06/11-14:48:21.028038 58f0                  Options.bottommost_compression_opts.enabled: false
2026/06/11-14:48:21.028042 58f0         Options.bottommost_compression_opts.max_dict_buffer_bytes: 0
2026/06/11-14:48:21.028046 58f0         Options.bottommost_compression_opts.use_zstd_dict_trainer: true
2026/06/11-14:48:21.028050 58f0            Options.compression_opts.window_bits: -14
2026/06/11-14:48:21.028108 58f0                  Options.compression_opts.level: 32767
2026/06/11-14:48:21.028115 58f0               Options.compression_opts.strategy: 0
2026/06/11-14:48:21.028120 58f0         Options.compression_opts.max_dict_bytes: 0
2026/06/11-14:48:21.028125 58f0         Options.compression_opts.zstd_max_train_bytes: 0
2026/06/11-14:48:21.028132 58f0         Options.compression_opts.use_zstd_dict_trainer: true
2026/06/11-14:48:21.028138 58f0         Options.compression_opts.parallel_threads: 1
2026/06/11-14:48:21.028144 58f0                  Options.compression_opts.enabled: false
2026/06/11-14:48:21.028150 58f0         Options.compression_opts.max_dict_buffer_bytes: 0
2026/06/11-14:48:21.028216 58f0      Options.level0_file_num_compaction_trigger: 2
2026/06/11-14:48:21.028224 58f0          Options.level0_slowdown_writes_trigger: 20
2026/06/11-14:48:21.028228 58f0              Options.level0_stop_writes_trigger: 36
2026/06/11-14:48:21.028232 58f0                   Options.target_file_size_base: 67108864
2026/06/11-14:48:21.028237 58f0             Options.target_file_size_multiplier: 1
2026/06/11-14:48:21.028243 58f0            Options.target_file_size_is_upper_bound: 0
2026/06/11-14:48:21.028250 58f0                Options.max_bytes_for_level_base: 536870912
2026/06/11-14:48:21.028255 58f0 Options.level_compaction_dynamic_level_bytes: 1
2026/06/11-14:48:21.028262 58f0          Options.max_bytes_for_level_multiplier: 10.000000
2026/06/11-14:48:21.028268 58f0 Options.max_bytes_for_level_multiplier_addtl[0]: 1
2026/06/11-14:48:21.028273 58f0 Options.max_bytes_for_level_multiplier_addtl[1]: 1
2026/06/11-14:48:21.028279 58f0 Options.max_bytes_for_level_multiplier_addtl[2]: 1
2026/06/11-14:48:21.028284 58f0 Options.max_bytes_for_level_multiplier_addtl[3]: 1
2026/06/11-14:48:21.028290 58f0 Options.max_bytes_for_level_multiplier_addtl[4]: 1
2026/06/11-14:48:21.028303 58f0 Options.max_bytes_for_level_multiplier_addtl[5]: 1
2026/06/11-14:48:21.028309 58f0 Options.max_bytes_for_level_multiplier_addtl[6]: 1
2026/06/11-14:48:21.028315 58f0       Options.max_sequential_skip_in_iterations: 8
2026/06/11-14:48:21.028321 58f0          Options.memtable_op_scan_flush_trigger: 0
2026/06/11-14:48:21.028327 58f0      Options.memtable_avg_op_scan_flush_trigger: 0
2026/06/11-14:48:21.028334 58f0                    Options.max_compaction_bytes: 1677721600
2026/06/11-14:48:21.028340 58f0                        Options.arena_block_size: 1048576
2026/06/11-14:48:21.028346 58f0   Options.soft_pending_compaction_bytes_limit: 68719476736
2026/06/11-14:48:21.028352 58f0   Options.hard_pending_compaction_bytes_limit: 274877906944
2026/06/11-14:48:21.028360 58f0                Options.disable_auto_compactions: 0
2026/06/11-14:48:21.028367 58f0                        Options.compaction_style: kCompactionStyleLevel
2026/06/11-14:48:21.028374 58f0                          Options.compaction_pri: kMinOverlappingRatio
2026/06/11-14:48:21.028379 58f0 Options.compaction_options_universal.size_ratio: 1
2026/06/11-14:48:21.028386 58f0 Options.compaction_options_universal.min_merge_width: 2
2026/06/11-14:48:21.028393 58f0 Options.compaction_options_universal.max_merge_width: 4294967295
2026/06/11-14:48:21.028399 58f0 Options.compaction_options_universal.max_size_amplification_percent: 200
2026/06/11-14:48:21.028405 58f0 Options.compaction_options_universal.compression_size_percent: -1
2026/06/11-14:48:21.028412 58f0 Options.compaction_options_universal.stop_style: kCompactionStopStyleTotalSize
2026/06/11-14:48:21.028419 58f0 Options.compaction_options_universal.max_read_amp: -1
2026/06/11-14:48:21.028427 58f0 Options.compaction_options_universal.reduce_file_locking: 1
2026/06/11-14:48:21.028439 58f0 Options.compaction_options_fifo.max_table_files_size: 1073741824
2026/06/11-14:48:21.028446 58f0 Options.compaction_options_fifo.allow_compaction: 0
2026/06/11-14:48:21.028467 58f0                   Options.table_properties_collectors: 
2026/06/11-14:48:21.028480 58f0                   Options.inplace_update_support: 0
2026/06/11-14:48:21.028491 58f0                 Options.inplace_update_num_locks: 10000
2026/06/11-14:48:21.028504 58f0               Options.memtable_prefix_bloom_size_ratio: 0.020000
2026/06/11-14:48:21.028514 58f0               Options.memtable_whole_key_filtering: 1
2026/06/11-14:48:21.028521 58f0   Options.memtable_huge_page_size: 0
2026/06/11-14:48:21.028527 58f0                           Options.bloom_locality: 0
2026/06/11-14:48:21.028534 58f0                    Options.max_successive_merges: 0
2026/06/11-14:48:21.028541 58f0             Options.strict_max_successive_merges: 0
2026/06/11-14:48:21.028547 58f0                Options.optimize_filters_for_hits: 0
2026/06/11-14:48:21.028552 58f0                Options.paranoid_file_checks: 0
2026/06/11-14:48:21.028678 58f0                Options.force_consistency_checks: 1
2026/06/11-14:48:21.028710 58f0                Options.report_bg_io_stats: 0
2026/06/11-14:48:21.028716 58f0                Options.disallow_memtable_writes: 0
2026/06/11-14:48:21.028725 58f0                               Options.ttl: 2592000
2026/06/11-14:48:21.028732 58f0          Options.periodic_compaction_seconds: 0
2026/06/11-14:48:21.028743 58f0                        Options.default_temperature: kUnknown
2026/06/11-14:48:21.028753 58f0  Options.preclude_last_level_data_seconds: 0
2026/06/11-14:48:21.028761 58f0    Options.preserve_internal_time_seconds: 0
2026/06/11-14:48:21.028772 58f0                       Options.enable_blob_files: false
2026/06/11-14:48:21.028781 58f0                           Options.min_blob_size: 0
2026/06/11-14:48:21.028789 58f0                          Options.blob_file_size: 268435456
2026/06/11-14:48:21.028800 58f0                   Options.blob_compression_type: NoCompression
2026/06/11-14:48:21.028808 58f0          Options.enable_blob_garbage_collection: false
2026/06/11-14:48:21.028819 58f0      Options.blob_garbage_collection_age_cutoff: 0.250000
2026/06/11-14:48:21.028828 58f0 Options.blob_garbage_collection_force_threshold: 1.000000
2026/06/11-14:48:21.028834 58f0          Options.blob_compaction_readahead_size: 0
2026/06/11-14:48:21.028842 58f0                Options.blob_file_starting_level: 0
2026/06/11-14:48:21.028849 58f0         Options.experimental_mempurge_threshold: 0.000000
2026/06/11-14:48:21.028856 58f0            Options.memtable_max_range_deletions: 0
2026/06/11-14:48:21.028865 58f0                  Options.cf_allow_ingest_behind: false
2026/06/11-14:48:21.030122 58f0               Options.comparator: leveldb.BytewiseComparator
2026/06/11-14:48:21.030153 58f0           Options.merge_operator: None
2026/06/11-14:48:21.030158 58f0        Options.compaction_filter: None
2026/06/11-14:48:21.030164 58f0        Options.compaction_filter_factory: None
2026/06/11-14:48:21.030169 58f0  Options.sst_partitioner_factory: None
2026/06/11-14:48:21.030175 58f0         Options.memtable_factory: SkipListFactory
2026/06/11-14:48:21.030181 58f0            Options.table_factory: BlockBasedTable
2026/06/11-14:48:21.030224 58f0            table_factory options:   flush_block_policy_factory: FlushBlockBySizePolicyFactory (0000027809D8CE20)
  cache_index_and_filter_blocks: 0
  cache_index_and_filter_blocks_with_high_priority: 1
  pin_l0_filter_and_index_blocks_in_cache: 0
  pin_top_level_index_and_filter: 1
  index_type: 0
  data_block_index_type: 0
  index_shortening: 1
  data_block_hash_table_util_ratio: 0.750000
  checksum: 4
  no_block_cache: 0
  block_cache: 0000027809922ED0
  block_cache_name: AutoHyperClockCache
  block_cache_options:
    capacity : 33554432
    num_shard_bits : 0
    strict_capacity_limit : 0
    memory_allocator : None
  persistent_cache: 0000000000000000
  block_size: 4096
  block_size_deviation: 10
  block_restart_interval: 16
  index_block_restart_interval: 16
  metadata_block_size: 4096
