2026/06/12-17:34:37.033244 624c RocksDB version: 11.0.4
2026/06/12-17:34:37.033704 624c DB SUMMARY
2026/06/12-17:34:37.033746 624c Host name (Env):  SMART-LYNC
2026/06/12-17:34:37.033763 624c DB Session ID:  TKWJJSRV0HCDYQ0G1104
2026/06/12-17:34:37.039272 624c CURRENT file:  CURRENT
2026/06/12-17:34:37.039311 624c IDENTITY file:  IDENTITY
2026/06/12-17:34:37.039445 624c MANIFEST file:  MANIFEST-000573 size: 2694 Bytes
2026/06/12-17:34:37.039464 624c SST files in C:\Users\huanc\Work\GitRepo\Keel\.cataforge\kg\store dir, Total Num: 8, files: 000020.sst 000559.sst 000560.sst 000561.sst 000569.sst 000570.sst 000571.sst 000576.sst 
2026/06/12-17:34:37.039479 624c Write Ahead Log file in C:\Users\huanc\Work\GitRepo\Keel\.cataforge\kg\store: 000572.log size: 0 ; 
2026/06/12-17:34:37.039708 624c                         Options.error_if_exists: 0
2026/06/12-17:34:37.039719 624c                       Options.create_if_missing: 1
2026/06/12-17:34:37.039726 624c                         Options.paranoid_checks: 1
2026/06/12-17:34:37.039733 624c             Options.flush_verify_memtable_count: 1
2026/06/12-17:34:37.039739 624c          Options.compaction_verify_record_count: 1
2026/06/12-17:34:37.039745 624c                               Options.track_and_verify_wals_in_manifest: 0
2026/06/12-17:34:37.039752 624c                               Options.track_and_verify_wals: 0
2026/06/12-17:34:37.039758 624c        Options.verify_sst_unique_id_in_manifest: 1
2026/06/12-17:34:37.039764 624c                                     Options.env: 00000146F2992240
2026/06/12-17:34:37.039772 624c                                      Options.fs: WinFS
2026/06/12-17:34:37.039779 624c                                Options.info_log: 00000146F0658080
2026/06/12-17:34:37.039786 624c                Options.max_file_opening_threads: 16
2026/06/12-17:34:37.039794 624c                              Options.statistics: 0000000000000000
2026/06/12-17:34:37.039800 624c                               Options.use_fsync: 0
2026/06/12-17:34:37.039807 624c                       Options.max_log_file_size: 1048576
2026/06/12-17:34:37.039814 624c                   Options.log_file_time_to_roll: 0
2026/06/12-17:34:37.039819 624c                       Options.keep_log_file_num: 1000
2026/06/12-17:34:37.039827 624c                    Options.recycle_log_file_num: 10
2026/06/12-17:34:37.039834 624c                         Options.allow_fallocate: 1
2026/06/12-17:34:37.039842 624c                        Options.allow_mmap_reads: 0
2026/06/12-17:34:37.039850 624c                       Options.allow_mmap_writes: 0
2026/06/12-17:34:37.039858 624c                        Options.use_direct_reads: 0
2026/06/12-17:34:37.039865 624c                        Options.use_direct_io_for_flush_and_compaction: 0
2026/06/12-17:34:37.039871 624c          Options.create_missing_column_families: 1
2026/06/12-17:34:37.039877 624c                              Options.db_log_dir: 
2026/06/12-17:34:37.039884 624c                                 Options.wal_dir: 
2026/06/12-17:34:37.039891 624c                Options.table_cache_numshardbits: 6
2026/06/12-17:34:37.039899 624c                         Options.WAL_ttl_seconds: 0
2026/06/12-17:34:37.039906 624c                       Options.WAL_size_limit_MB: 0
2026/06/12-17:34:37.039914 624c                        Options.max_write_batch_group_size_bytes: 1048576
2026/06/12-17:34:37.039921 624c                     Options.is_fd_close_on_exec: 1
2026/06/12-17:34:37.039928 624c                   Options.advise_random_on_open: 1
2026/06/12-17:34:37.039935 624c                    Options.db_write_buffer_size: 0
2026/06/12-17:34:37.039943 624c                    Options.write_buffer_manager: 00000146F2991E80
2026/06/12-17:34:37.039950 624c                      Options.use_adaptive_mutex: 0
2026/06/12-17:34:37.039957 624c                            Options.rate_limiter: 0000000000000000
2026/06/12-17:34:37.039966 624c     Options.sst_file_manager.rate_bytes_per_sec: 0
2026/06/12-17:34:37.039973 624c                       Options.wal_recovery_mode: 2
2026/06/12-17:34:37.039980 624c                  Options.enable_thread_tracking: 0
2026/06/12-17:34:37.040023 624c                  Options.enable_pipelined_write: 0
2026/06/12-17:34:37.040033 624c                  Options.unordered_write: 0
2026/06/12-17:34:37.040039 624c         Options.allow_concurrent_memtable_write: 1
2026/06/12-17:34:37.040047 624c      Options.enable_write_thread_adaptive_yield: 1
2026/06/12-17:34:37.040053 624c             Options.write_thread_max_yield_usec: 100
2026/06/12-17:34:37.040059 624c            Options.write_thread_slow_yield_usec: 3
2026/06/12-17:34:37.040066 624c                               Options.row_cache: None
2026/06/12-17:34:37.040073 624c                              Options.wal_filter: None
2026/06/12-17:34:37.040079 624c             Options.avoid_flush_during_recovery: 0
2026/06/12-17:34:37.040085 624c             Options.allow_ingest_behind: 0
2026/06/12-17:34:37.040092 624c             Options.two_write_queues: 0
2026/06/12-17:34:37.040098 624c             Options.manual_wal_flush: 0
2026/06/12-17:34:37.040104 624c             Options.wal_compression: 0
2026/06/12-17:34:37.040111 624c             Options.background_close_inactive_wals: 0
2026/06/12-17:34:37.040118 624c             Options.atomic_flush: 0
2026/06/12-17:34:37.040124 624c             Options.avoid_unnecessary_blocking_io: 0
2026/06/12-17:34:37.040132 624c             Options.prefix_seek_opt_in_only: 0
2026/06/12-17:34:37.040139 624c                 Options.persist_stats_to_disk: 0
2026/06/12-17:34:37.040147 624c                 Options.write_dbid_to_manifest: 1
2026/06/12-17:34:37.040154 624c                 Options.write_identity_file: 1
2026/06/12-17:34:37.040159 624c                 Options.log_readahead_size: 0
2026/06/12-17:34:37.040165 624c                 Options.file_checksum_gen_factory: Unknown
2026/06/12-17:34:37.040173 624c                 Options.best_efforts_recovery: 0
2026/06/12-17:34:37.040179 624c                Options.max_bgerror_resume_count: 2147483647
2026/06/12-17:34:37.040185 624c            Options.bgerror_resume_retry_interval: 1000000
2026/06/12-17:34:37.040192 624c             Options.allow_data_in_errors: 0
2026/06/12-17:34:37.040199 624c             Options.db_host_id: __hostname__
2026/06/12-17:34:37.040206 624c             Options.enforce_single_del_contracts: true
2026/06/12-17:34:37.040215 624c             Options.metadata_write_temperature: kUnknown
2026/06/12-17:34:37.040222 624c             Options.wal_write_temperature: kUnknown
2026/06/12-17:34:37.040229 624c             Options.max_background_jobs: 8
2026/06/12-17:34:37.040236 624c             Options.max_background_compactions: -1
2026/06/12-17:34:37.040243 624c             Options.max_subcompactions: 1
2026/06/12-17:34:37.040251 624c             Options.avoid_flush_during_shutdown: 0
2026/06/12-17:34:37.040258 624c           Options.writable_file_max_buffer_size: 1048576
2026/06/12-17:34:37.040266 624c             Options.delayed_write_rate : 16777216
2026/06/12-17:34:37.040273 624c             Options.max_total_wal_size: 0
2026/06/12-17:34:37.040280 624c             Options.delete_obsolete_files_period_micros: 21600000000
2026/06/12-17:34:37.040286 624c                   Options.stats_dump_period_sec: 600
2026/06/12-17:34:37.040290 624c                 Options.stats_persist_period_sec: 600
2026/06/12-17:34:37.040295 624c                 Options.stats_history_buffer_size: 1048576
2026/06/12-17:34:37.040301 624c                          Options.max_open_files: 464
2026/06/12-17:34:37.040308 624c                          Options.bytes_per_sync: 0
2026/06/12-17:34:37.040315 624c                      Options.wal_bytes_per_sync: 0
2026/06/12-17:34:37.040323 624c                   Options.strict_bytes_per_sync: 0
2026/06/12-17:34:37.040330 624c       Options.compaction_readahead_size: 2097152
2026/06/12-17:34:37.040336 624c                  Options.max_background_flushes: -1
2026/06/12-17:34:37.040344 624c                  Options.max_manifest_file_size: 1073741824
2026/06/12-17:34:37.040351 624c                  Options.max_manifest_space_amp_pct: 500
2026/06/12-17:34:37.040388 624c             Options.manifest_preallocation_size: 4194304
2026/06/12-17:34:37.040399 624c Options.daily_offpeak_time_utc: 
2026/06/12-17:34:37.040410 624c Compression algorithms supported:
2026/06/12-17:34:37.040417 624c 	kZSTD supported: 0
2026/06/12-17:34:37.040423 624c 	kCustomCompressionA3 supported: 0
2026/06/12-17:34:37.040429 624c 	kSnappyCompression supported: 0
2026/06/12-17:34:37.040436 624c 	kCustomCompressionA5 supported: 0
2026/06/12-17:34:37.040442 624c 	kBZip2Compression supported: 0
2026/06/12-17:34:37.040449 624c 	kZlibCompression supported: 0
2026/06/12-17:34:37.040455 624c 	kLZ4Compression supported: 1
2026/06/12-17:34:37.040461 624c 	kXpressCompression supported: 0
2026/06/12-17:34:37.040468 624c 	kCustomCompressionA7 supported: 0
2026/06/12-17:34:37.040474 624c 	kLZ4HCCompression supported: 1
2026/06/12-17:34:37.040480 624c 	kCustomCompressionB2 supported: 0
2026/06/12-17:34:37.040486 624c 	kCustomCompression9C supported: 0
2026/06/12-17:34:37.040492 624c 	kCustomCompression80 supported: 0
2026/06/12-17:34:37.040499 624c 	kCustomCompressionB3 supported: 0
2026/06/12-17:34:37.040506 624c 	kCustomCompression9B supported: 0
2026/06/12-17:34:37.040513 624c 	kCustomCompression81 supported: 0
2026/06/12-17:34:37.040520 624c 	kCustomCompressionB0 supported: 0
2026/06/12-17:34:37.040527 624c 	kCustomCompression9A supported: 0
2026/06/12-17:34:37.040536 624c 	kCustomCompression82 supported: 0
2026/06/12-17:34:37.040543 624c 	kCustomCompressionB1 supported: 0
2026/06/12-17:34:37.040549 624c 	kCustomCompression83 supported: 0
2026/06/12-17:34:37.040556 624c 	kCustomCompressionB6 supported: 0
2026/06/12-17:34:37.040563 624c 	kCustomCompression84 supported: 0
2026/06/12-17:34:37.040569 624c 	kCustomCompressionB7 supported: 0
2026/06/12-17:34:37.040576 624c 	kCustomCompression9F supported: 0
2026/06/12-17:34:37.040583 624c 	kCustomCompression85 supported: 0
2026/06/12-17:34:37.040590 624c 	kCustomCompressionB4 supported: 0
2026/06/12-17:34:37.040596 624c 	kCustomCompression9E supported: 0
2026/06/12-17:34:37.040600 624c 	kCustomCompression86 supported: 0
2026/06/12-17:34:37.040605 624c 	kCustomCompressionB5 supported: 0
2026/06/12-17:34:37.040610 624c 	kCustomCompression9D supported: 0
2026/06/12-17:34:37.040617 624c 	kCustomCompression87 supported: 0
2026/06/12-17:34:37.040623 624c 	kCustomCompression88 supported: 0
2026/06/12-17:34:37.040631 624c 	kCustomCompression89 supported: 0
2026/06/12-17:34:37.040637 624c 	kCustomCompression92 supported: 0
2026/06/12-17:34:37.040643 624c 	kCustomCompression8A supported: 0
2026/06/12-17:34:37.040650 624c 	kCustomCompression91 supported: 0
2026/06/12-17:34:37.040656 624c 	kCustomCompression8B supported: 0
2026/06/12-17:34:37.040661 624c 	kCustomCompression90 supported: 0
2026/06/12-17:34:37.040667 624c 	kCustomCompression8C supported: 0
2026/06/12-17:34:37.040673 624c 	kCustomCompression97 supported: 0
2026/06/12-17:34:37.040679 624c 	kCustomCompression8D supported: 0
2026/06/12-17:34:37.040685 624c 	kCustomCompression96 supported: 0
2026/06/12-17:34:37.040691 624c 	kCustomCompression8E supported: 0
2026/06/12-17:34:37.040698 624c 	kCustomCompression95 supported: 0
2026/06/12-17:34:37.040704 624c 	kCustomCompression8F supported: 0
2026/06/12-17:34:37.040710 624c 	kCustomCompression93 supported: 0
2026/06/12-17:34:37.040716 624c 	kCustomCompression94 supported: 0
2026/06/12-17:34:37.040722 624c 	kCustomCompression98 supported: 0
2026/06/12-17:34:37.040728 624c 	kCustomCompression99 supported: 0
2026/06/12-17:34:37.040734 624c 	kCustomCompressionA0 supported: 0
2026/06/12-17:34:37.040739 624c 	kCustomCompressionA1 supported: 0
2026/06/12-17:34:37.040746 624c 	kCustomCompressionA2 supported: 0
2026/06/12-17:34:37.040751 624c 	kCustomCompressionA4 supported: 0
2026/06/12-17:34:37.040757 624c 	kCustomCompressionA6 supported: 0
2026/06/12-17:34:37.040762 624c 	kCustomCompressionA8 supported: 0
2026/06/12-17:34:37.040767 624c 	kCustomCompressionA9 supported: 0
2026/06/12-17:34:37.040772 624c 	kCustomCompressionAA supported: 0
2026/06/12-17:34:37.040780 624c 	kCustomCompressionAB supported: 0
2026/06/12-17:34:37.040786 624c 	kCustomCompressionAC supported: 0
2026/06/12-17:34:37.040791 624c 	kCustomCompressionAD supported: 0
2026/06/12-17:34:37.040796 624c 	kCustomCompressionAE supported: 0
2026/06/12-17:34:37.040805 624c 	kCustomCompressionAF supported: 0
2026/06/12-17:34:37.040811 624c 	kCustomCompressionB8 supported: 0
2026/06/12-17:34:37.040816 624c 	kCustomCompressionB9 supported: 0
2026/06/12-17:34:37.040822 624c 	kCustomCompressionBA supported: 0
2026/06/12-17:34:37.040826 624c 	kCustomCompressionBB supported: 0
2026/06/12-17:34:37.040831 624c 	kCustomCompressionBC supported: 0
2026/06/12-17:34:37.040836 624c 	kCustomCompressionBD supported: 0
2026/06/12-17:34:37.040842 624c 	kCustomCompressionBE supported: 0
2026/06/12-17:34:37.040847 624c 	kCustomCompressionBF supported: 0
2026/06/12-17:34:37.040852 624c 	kCustomCompressionC0 supported: 0
2026/06/12-17:34:37.040857 624c 	kCustomCompressionC1 supported: 0
2026/06/12-17:34:37.040862 624c 	kCustomCompressionC2 supported: 0
2026/06/12-17:34:37.040866 624c 	kCustomCompressionC3 supported: 0
2026/06/12-17:34:37.040871 624c 	kCustomCompressionC4 supported: 0
2026/06/12-17:34:37.040876 624c 	kCustomCompressionC5 supported: 0
2026/06/12-17:34:37.040880 624c 	kCustomCompressionC6 supported: 0
2026/06/12-17:34:37.040886 624c 	kCustomCompressionC7 supported: 0
2026/06/12-17:34:37.040892 624c 	kCustomCompressionC8 supported: 0
2026/06/12-17:34:37.040897 624c 	kCustomCompressionC9 supported: 0
2026/06/12-17:34:37.040902 624c 	kCustomCompressionCA supported: 0
2026/06/12-17:34:37.040907 624c 	kCustomCompressionCB supported: 0
2026/06/12-17:34:37.040912 624c 	kCustomCompressionCC supported: 0
2026/06/12-17:34:37.040917 624c 	kCustomCompressionCD supported: 0
2026/06/12-17:34:37.040923 624c 	kCustomCompressionCE supported: 0
2026/06/12-17:34:37.040928 624c 	kCustomCompressionCF supported: 0
2026/06/12-17:34:37.040933 624c 	kCustomCompressionD0 supported: 0
2026/06/12-17:34:37.040938 624c 	kCustomCompressionD1 supported: 0
2026/06/12-17:34:37.040943 624c 	kCustomCompressionD2 supported: 0
2026/06/12-17:34:37.040948 624c 	kCustomCompressionD3 supported: 0
2026/06/12-17:34:37.040951 624c 	kCustomCompressionD4 supported: 0
2026/06/12-17:34:37.040955 624c 	kCustomCompressionD5 supported: 0
2026/06/12-17:34:37.040959 624c 	kCustomCompressionD6 supported: 0
2026/06/12-17:34:37.040962 624c 	kCustomCompressionD7 supported: 0
2026/06/12-17:34:37.040966 624c 	kCustomCompressionD8 supported: 0
2026/06/12-17:34:37.040969 624c 	kCustomCompressionD9 supported: 0
2026/06/12-17:34:37.040973 624c 	kCustomCompressionDA supported: 0
2026/06/12-17:34:37.040976 624c 	kCustomCompressionDB supported: 0
2026/06/12-17:34:37.040980 624c 	kCustomCompressionDC supported: 0
2026/06/12-17:34:37.040983 624c 	kCustomCompressionDD supported: 0
2026/06/12-17:34:37.040986 624c 	kCustomCompressionDE supported: 0
2026/06/12-17:34:37.040990 624c 	kCustomCompressionDF supported: 0
2026/06/12-17:34:37.040993 624c 	kCustomCompressionE0 supported: 0
2026/06/12-17:34:37.040997 624c 	kCustomCompressionE1 supported: 0
2026/06/12-17:34:37.041000 624c 	kCustomCompressionE2 supported: 0
2026/06/12-17:34:37.041007 624c 	kCustomCompressionE3 supported: 0
2026/06/12-17:34:37.041011 624c 	kCustomCompressionE4 supported: 0
2026/06/12-17:34:37.041014 624c 	kCustomCompressionE5 supported: 0
2026/06/12-17:34:37.041018 624c 	kCustomCompressionE6 supported: 0
2026/06/12-17:34:37.041021 624c 	kCustomCompressionE7 supported: 0
2026/06/12-17:34:37.041024 624c 	kCustomCompressionE8 supported: 0
2026/06/12-17:34:37.041028 624c 	kCustomCompressionE9 supported: 0
2026/06/12-17:34:37.041031 624c 	kCustomCompressionEA supported: 0
2026/06/12-17:34:37.041035 624c 	kCustomCompressionEB supported: 0
2026/06/12-17:34:37.041038 624c 	kCustomCompressionEC supported: 0
2026/06/12-17:34:37.041041 624c 	kCustomCompressionED supported: 0
2026/06/12-17:34:37.041044 624c 	kCustomCompressionEE supported: 0
2026/06/12-17:34:37.041048 624c 	kCustomCompressionEF supported: 0
2026/06/12-17:34:37.041051 624c 	kCustomCompressionF0 supported: 0
2026/06/12-17:34:37.041086 624c 	kCustomCompressionF1 supported: 0
2026/06/12-17:34:37.041092 624c 	kCustomCompressionF2 supported: 0
2026/06/12-17:34:37.041097 624c 	kCustomCompressionF3 supported: 0
2026/06/12-17:34:37.041101 624c 	kCustomCompressionF4 supported: 0
2026/06/12-17:34:37.041107 624c 	kCustomCompressionF5 supported: 0
2026/06/12-17:34:37.041112 624c 	kCustomCompressionF6 supported: 0
2026/06/12-17:34:37.041117 624c 	kCustomCompressionF7 supported: 0
2026/06/12-17:34:37.041122 624c 	kCustomCompressionF8 supported: 0
2026/06/12-17:34:37.041128 624c 	kCustomCompressionF9 supported: 0
2026/06/12-17:34:37.041133 624c 	kCustomCompressionFA supported: 0
2026/06/12-17:34:37.041138 624c 	kCustomCompressionFB supported: 0
2026/06/12-17:34:37.041143 624c 	kCustomCompressionFC supported: 0
2026/06/12-17:34:37.041147 624c 	kCustomCompressionFD supported: 0
2026/06/12-17:34:37.041152 624c 	kCustomCompressionFE supported: 0
2026/06/12-17:34:37.041162 624c Fast CRC32 supported: Not supported on x86
2026/06/12-17:34:37.041168 624c DMutex implementation: std::mutex
2026/06/12-17:34:37.041172 624c Jemalloc supported: 0
2026/06/12-17:34:37.042516 624c               Options.comparator: leveldb.BytewiseComparator
2026/06/12-17:34:37.042530 624c           Options.merge_operator: None
2026/06/12-17:34:37.042534 624c        Options.compaction_filter: None
2026/06/12-17:34:37.042538 624c        Options.compaction_filter_factory: None
2026/06/12-17:34:37.042541 624c  Options.sst_partitioner_factory: None
2026/06/12-17:34:37.042545 624c         Options.memtable_factory: SkipListFactory
2026/06/12-17:34:37.042548 624c            Options.table_factory: BlockBasedTable
2026/06/12-17:34:37.042574 624c            table_factory options:   flush_block_policy_factory: FlushBlockBySizePolicyFactory (00000146F29A7170)
  cache_index_and_filter_blocks: 0
  cache_index_and_filter_blocks_with_high_priority: 1
  pin_l0_filter_and_index_blocks_in_cache: 0
  pin_top_level_index_and_filter: 1
  index_type: 0
  data_block_index_type: 0
  index_shortening: 1
  data_block_hash_table_util_ratio: 0.750000
  checksum: 4
  no_block_cache: 0
  block_cache: 00000146F2AA1700
  block_cache_name: AutoHyperClockCache
  block_cache_options:
    capacity : 33554432
    num_shard_bits : 0
    strict_capacity_limit : 0
    memory_allocator : None
  persistent_cache: 0000000000000000
  block_size: 4096
  block_size_deviation: 10
  block_restart_interval: 16
  index_block_restart_interval: 16
  metadata_block_size: 4096
  partition_filters: 0
  use_delta_encoding: 1
  filter_policy: nullptr
  user_defined_index_factory: nullptr
  fail_if_no_udi_on_open: 0
  whole_key_filtering: 1
  verify_compression: 0
  read_amp_bytes_per_bit: 0
  format_version: 5
  enable_index_compression: 1
  block_align: 0
  super_block_alignment_size: 0
  super_block_alignment_space_overhead_ratio: 128
  max_auto_readahead_size: 262144
  prepopulate_block_cache: 0
  initial_auto_readahead_size: 8192
  num_file_reads_for_auto_readahead: 2
2026/06/12-17:34:37.042579 624c        Options.write_buffer_size: 134217728
2026/06/12-17:34:37.042582 624c  Options.max_write_buffer_number: 6
2026/06/12-17:34:37.042588 624c        Options.compression[0]: NoCompression
2026/06/12-17:34:37.042591 624c        Options.compression[1]: NoCompression
2026/06/12-17:34:37.042595 624c        Options.compression[2]: LZ4
2026/06/12-17:34:37.042598 624c        Options.compression[3]: LZ4
2026/06/12-17:34:37.042602 624c        Options.compression[4]: LZ4
2026/06/12-17:34:37.042605 624c        Options.compression[5]: LZ4
2026/06/12-17:34:37.042608 624c        Options.compression[6]: LZ4
2026/06/12-17:34:37.042611 624c                  Options.bottommost_compression: Disabled
2026/06/12-17:34:37.042615 624c       Options.prefix_extractor: nullptr
2026/06/12-17:34:37.042618 624c   Options.memtable_insert_with_hint_prefix_extractor: nullptr
2026/06/12-17:34:37.042622 624c             Options.num_levels: 7
2026/06/12-17:34:37.042625 624c        Options.min_write_buffer_number_to_merge: 2
2026/06/12-17:34:37.042634 624c     Options.max_write_buffer_size_to_maintain: 0
2026/06/12-17:34:37.042639 624c            Options.bottommost_compression_opts.window_bits: -14
2026/06/12-17:34:37.042642 624c                  Options.bottommost_compression_opts.level: 32767
2026/06/12-17:34:37.042646 624c               Options.bottommost_compression_opts.strategy: 0
2026/06/12-17:34:37.042650 624c         Options.bottommost_compression_opts.max_dict_bytes: 0
2026/06/12-17:34:37.042654 624c         Options.bottommost_compression_opts.zstd_max_train_bytes: 0
2026/06/12-17:34:37.042657 624c         Options.bottommost_compression_opts.parallel_threads: 1
2026/06/12-17:34:37.042661 624c                  Options.bottommost_compression_opts.enabled: false
2026/06/12-17:34:37.042665 624c         Options.bottommost_compression_opts.max_dict_buffer_bytes: 0
2026/06/12-17:34:37.042668 624c         Options.bottommost_compression_opts.use_zstd_dict_trainer: true
2026/06/12-17:34:37.042671 624c            Options.compression_opts.window_bits: -14
2026/06/12-17:34:37.042675 624c                  Options.compression_opts.level: 32767
2026/06/12-17:34:37.042678 624c               Options.compression_opts.strategy: 0
2026/06/12-17:34:37.042682 624c         Options.compression_opts.max_dict_bytes: 0
2026/06/12-17:34:37.042685 624c         Options.compression_opts.zstd_max_train_bytes: 0
2026/06/12-17:34:37.042689 624c         Options.compression_opts.use_zstd_dict_trainer: true
2026/06/12-17:34:37.042694 624c         Options.compression_opts.parallel_threads: 1
2026/06/12-17:34:37.042699 624c                  Options.compression_opts.enabled: false
2026/06/12-17:34:37.042704 624c         Options.compression_opts.max_dict_buffer_bytes: 0
2026/06/12-17:34:37.042709 624c      Options.level0_file_num_compaction_trigger: 2
2026/06/12-17:34:37.042715 624c          Options.level0_slowdown_writes_trigger: 20
2026/06/12-17:34:37.042718 624c              Options.level0_stop_writes_trigger: 36
2026/06/12-17:34:37.042722 624c                   Options.target_file_size_base: 67108864
2026/06/12-17:34:37.042725 624c             Options.target_file_size_multiplier: 1
2026/06/12-17:34:37.042728 624c            Options.target_file_size_is_upper_bound: 0
2026/06/12-17:34:37.042733 624c                Options.max_bytes_for_level_base: 536870912
2026/06/12-17:34:37.042738 624c Options.level_compaction_dynamic_level_bytes: 1
2026/06/12-17:34:37.042745 624c          Options.max_bytes_for_level_multiplier: 10.000000
2026/06/12-17:34:37.042751 624c Options.max_bytes_for_level_multiplier_addtl[0]: 1
2026/06/12-17:34:37.042756 624c Options.max_bytes_for_level_multiplier_addtl[1]: 1
2026/06/12-17:34:37.042761 624c Options.max_bytes_for_level_multiplier_addtl[2]: 1
2026/06/12-17:34:37.042765 624c Options.max_bytes_for_level_multiplier_addtl[3]: 1
2026/06/12-17:34:37.042768 624c Options.max_bytes_for_level_multiplier_addtl[4]: 1
2026/06/12-17:34:37.042771 624c Options.max_bytes_for_level_multiplier_addtl[5]: 1
2026/06/12-17:34:37.042774 624c Options.max_bytes_for_level_multiplier_addtl[6]: 1
2026/06/12-17:34:37.042778 624c       Options.max_sequential_skip_in_iterations: 8
2026/06/12-17:34:37.042781 624c          Options.memtable_op_scan_flush_trigger: 0
2026/06/12-17:34:37.042785 624c      Options.memtable_avg_op_scan_flush_trigger: 0
2026/06/12-17:34:37.042788 624c                    Options.max_compaction_bytes: 1677721600
2026/06/12-17:34:37.042792 624c                        Options.arena_block_size: 1048576
2026/06/12-17:34:37.042795 624c   Options.soft_pending_compaction_bytes_limit: 68719476736
2026/06/12-17:34:37.042799 624c   Options.hard_pending_compaction_bytes_limit: 274877906944
2026/06/12-17:34:37.042803 624c                Options.disable_auto_compactions: 0
2026/06/12-17:34:37.042808 624c                        Options.compaction_style: kCompactionStyleLevel
2026/06/12-17:34:37.042812 624c                          Options.compaction_pri: kMinOverlappingRatio
2026/06/12-17:34:37.042816 624c Options.compaction_options_universal.size_ratio: 1
2026/06/12-17:34:37.042821 624c Options.compaction_options_universal.min_merge_width: 2
2026/06/12-17:34:37.042826 624c Options.compaction_options_universal.max_merge_width: 4294967295
2026/06/12-17:34:37.042829 624c Options.compaction_options_universal.max_size_amplification_percent: 200
2026/06/12-17:34:37.042832 624c Options.compaction_options_universal.compression_size_percent: -1
2026/06/12-17:34:37.042836 624c Options.compaction_options_universal.stop_style: kCompactionStopStyleTotalSize
2026/06/12-17:34:37.042840 624c Options.compaction_options_universal.max_read_amp: -1
2026/06/12-17:34:37.042844 624c Options.compaction_options_universal.reduce_file_locking: 1
2026/06/12-17:34:37.042850 624c Options.compaction_options_fifo.max_table_files_size: 1073741824
2026/06/12-17:34:37.042855 624c Options.compaction_options_fifo.allow_compaction: 0
2026/06/12-17:34:37.042862 624c                   Options.table_properties_collectors: 
2026/06/12-17:34:37.042866 624c                   Options.inplace_update_support: 0
2026/06/12-17:34:37.042869 624c                 Options.inplace_update_num_locks: 10000
2026/06/12-17:34:37.042873 624c               Options.memtable_prefix_bloom_size_ratio: 0.000000
2026/06/12-17:34:37.042876 624c               Options.memtable_whole_key_filtering: 0
2026/06/12-17:34:37.042880 624c   Options.memtable_huge_page_size: 0
2026/06/12-17:34:37.042883 624c                           Options.bloom_locality: 0
2026/06/12-17:34:37.042887 624c                    Options.max_successive_merges: 0
2026/06/12-17:34:37.042890 624c             Options.strict_max_successive_merges: 0
2026/06/12-17:34:37.042893 624c                Options.optimize_filters_for_hits: 0
2026/06/12-17:34:37.042897 624c                Options.paranoid_file_checks: 0
2026/06/12-17:34:37.042900 624c                Options.force_consistency_checks: 1
2026/06/12-17:34:37.042904 624c                Options.report_bg_io_stats: 0
2026/06/12-17:34:37.042909 624c                Options.disallow_memtable_writes: 0
2026/06/12-17:34:37.042914 624c                               Options.ttl: 2592000
2026/06/12-17:34:37.042920 624c          Options.periodic_compaction_seconds: 0
2026/06/12-17:34:37.042925 624c                        Options.default_temperature: kUnknown
2026/06/12-17:34:37.042931 624c  Options.preclude_last_level_data_seconds: 0
2026/06/12-17:34:37.042937 624c    Options.preserve_internal_time_seconds: 0
2026/06/12-17:34:37.042942 624c                       Options.enable_blob_files: false
2026/06/12-17:34:37.042947 624c                           Options.min_blob_size: 0
2026/06/12-17:34:37.042952 624c                          Options.blob_file_size: 268435456
2026/06/12-17:34:37.042958 624c                   Options.blob_compression_type: NoCompression
2026/06/12-17:34:37.042964 624c          Options.enable_blob_garbage_collection: false
2026/06/12-17:34:37.042970 624c      Options.blob_garbage_collection_age_cutoff: 0.250000
2026/06/12-17:34:37.042976 624c Options.blob_garbage_collection_force_threshold: 1.000000
2026/06/12-17:34:37.042982 624c          Options.blob_compaction_readahead_size: 0
2026/06/12-17:34:37.042987 624c                Options.blob_file_starting_level: 0
2026/06/12-17:34:37.042992 624c         Options.experimental_mempurge_threshold: 0.000000
2026/06/12-17:34:37.042997 624c            Options.memtable_max_range_deletions: 0
2026/06/12-17:34:37.043001 624c                  Options.cf_allow_ingest_behind: false
2026/06/12-17:34:37.043259 624c               Options.comparator: leveldb.BytewiseComparator
2026/06/12-17:34:37.043270 624c           Options.merge_operator: None
2026/06/12-17:34:37.043275 624c        Options.compaction_filter: None
2026/06/12-17:34:37.043280 624c        Options.compaction_filter_factory: None
2026/06/12-17:34:37.043286 624c  Options.sst_partitioner_factory: None
2026/06/12-17:34:37.043291 624c         Options.memtable_factory: SkipListFactory
2026/06/12-17:34:37.043296 624c            Options.table_factory: BlockBasedTable
2026/06/12-17:34:37.043329 624c            table_factory options:   flush_block_policy_factory: FlushBlockBySizePolicyFactory (00000146F29A6D80)
  cache_index_and_filter_blocks: 0
  cache_index_and_filter_blocks_with_high_priority: 1
  pin_l0_filter_and_index_blocks_in_cache: 0
  pin_top_level_index_and_filter: 1
  index_type: 0
  data_block_index_type: 1
  index_shortening: 1
  data_block_hash_table_util_ratio: 0.750000
  checksum: 4
  no_block_cache: 0
  block_cache: 00000146F2AA25E0
  block_cache_name: LRUCache
  block_cache_options:
    capacity : 134217728
    num_shard_bits : 6
    strict_capacity_limit : 0
    memory_allocator : None
    high_pri_pool_ratio: 0.500
    low_pri_pool_ratio: 0.000
  persistent_cache: 0000000000000000
  block_size: 4096
  block_size_deviation: 10
  block_restart_interval: 16
  index_block_restart_interval: 1
  metadata_block_size: 4096
  partition_filters: 0
  use_delta_encoding: 1
  filter_policy: bloomfilter
  user_defined_index_factory: nullptr
  fail_if_no_udi_on_open: 0
  whole_key_filtering: 1
  verify_compression: 0
  read_amp_bytes_per_bit: 0
  format_version: 7
  enable_index_compression: 1
  block_align: 0
  super_block_alignment_size: 0
  super_block_alignment_space_overhead_ratio: 128
  max_auto_readahead_size: 262144
  prepopulate_block_cache: 0
  initial_auto_readahead_size: 8192
  num_file_reads_for_auto_readahead: 2
2026/06/12-17:34:37.043338 624c        Options.write_buffer_size: 134217728
2026/06/12-17:34:37.043344 624c  Options.max_write_buffer_number: 6
2026/06/12-17:34:37.043349 624c        Options.compression[0]: NoCompression
2026/06/12-17:34:37.043354 624c        Options.compression[1]: NoCompression
2026/06/12-17:34:37.043359 624c        Options.compression[2]: LZ4
2026/06/12-17:34:37.043364 624c        Options.compression[3]: LZ4
2026/06/12-17:34:37.043369 624c        Options.compression[4]: LZ4
2026/06/12-17:34:37.043375 624c        Options.compression[5]: LZ4
2026/06/12-17:34:37.043380 624c        Options.compression[6]: LZ4
2026/06/12-17:34:37.043385 624c                  Options.bottommost_compression: Disabled
2026/06/12-17:34:37.043399 624c       Options.prefix_extractor: nullptr
2026/06/12-17:34:37.043404 624c   Options.memtable_insert_with_hint_prefix_extractor: nullptr
2026/06/12-17:34:37.043409 624c             Options.num_levels: 7
2026/06/12-17:34:37.043414 624c        Options.min_write_buffer_number_to_merge: 2
2026/06/12-17:34:37.043419 624c     Options.max_write_buffer_size_to_maintain: 0
2026/06/12-17:34:37.043424 624c            Options.bottommost_compression_opts.window_bits: -14
2026/06/12-17:34:37.043429 624c                  Options.bottommost_compression_opts.level: 32767
2026/06/12-17:34:37.043433 624c               Options.bottommost_compression_opts.strategy: 0
2026/06/12-17:34:37.043438 624c         Options.bottommost_compression_opts.max_dict_bytes: 0
2026/06/12-17:34:37.043444 624c         Options.bottommost_compression_opts.zstd_max_train_bytes: 0
2026/06/12-17:34:37.043448 624c         Options.bottommost_compression_opts.parallel_threads: 1
2026/06/12-17:34:37.043454 624c                  Options.bottommost_compression_opts.enabled: false
2026/06/12-17:34:37.043459 624c         Options.bottommost_compression_opts.max_dict_buffer_bytes: 0
2026/06/12-17:34:37.043464 624c         Options.bottommost_compression_opts.use_zstd_dict_trainer: true
2026/06/12-17:34:37.043469 624c            Options.compression_opts.window_bits: -14
2026/06/12-17:34:37.043474 624c                  Options.compression_opts.level: 32767
2026/06/12-17:34:37.043479 624c               Options.compression_opts.strategy: 0
2026/06/12-17:34:37.043484 624c         Options.compression_opts.max_dict_bytes: 0
2026/06/12-17:34:37.043500 624c         Options.compression_opts.zstd_max_train_bytes: 0
2026/06/12-17:34:37.043508 624c         Options.compression_opts.use_zstd_dict_trainer: true
2026/06/12-17:34:37.043513 624c         Options.compression_opts.parallel_threads: 1
2026/06/12-17:34:37.043518 624c                  Options.compression_opts.enabled: false
2026/06/12-17:34:37.043523 624c         Options.compression_opts.max_dict_buffer_bytes: 0
2026/06/12-17:34:37.043582 624c      Options.level0_file_num_compaction_trigger: 2
2026/06/12-17:34:37.043612 624c          Options.level0_slowdown_writes_trigger: 20
2026/06/12-17:34:37.043619 624c              Options.level0_stop_writes_trigger: 36
2026/06/12-17:34:37.043625 624c                   Options.target_file_size_base: 67108864
2026/06/12-17:34:37.043630 624c             Options.target_file_size_multiplier: 1
2026/06/12-17:34:37.043635 624c            Options.target_file_size_is_upper_bound: 0
2026/06/12-17:34:37.043640 624c                Options.max_bytes_for_level_base: 536870912
2026/06/12-17:34:37.043645 624c Options.level_compaction_dynamic_level_bytes: 1
2026/06/12-17:34:37.043652 624c          Options.max_bytes_for_level_multiplier: 10.000000
2026/06/12-17:34:37.043658 624c Options.max_bytes_for_level_multiplier_addtl[0]: 1
2026/06/12-17:34:37.043663 624c Options.max_bytes_for_level_multiplier_addtl[1]: 1
2026/06/12-17:34:37.043668 624c Options.max_bytes_for_level_multiplier_addtl[2]: 1
2026/06/12-17:34:37.043674 624c Options.max_bytes_for_level_multiplier_addtl[3]: 1
2026/06/12-17:34:37.043678 624c Options.max_bytes_for_level_multiplier_addtl[4]: 1
2026/06/12-17:34:37.043683 624c Options.max_bytes_for_level_multiplier_addtl[5]: 1
2026/06/12-17:34:37.043688 624c Options.max_bytes_for_level_multiplier_addtl[6]: 1
2026/06/12-17:34:37.043693 624c       Options.max_sequential_skip_in_iterations: 8
2026/06/12-17:34:37.043697 624c          Options.memtable_op_scan_flush_trigger: 0
2026/06/12-17:34:37.043702 624c      Options.memtable_avg_op_scan_flush_trigger: 0
2026/06/12-17:34:37.043707 624c                    Options.max_compaction_bytes: 1677721600
2026/06/12-17:34:37.043712 624c                        Options.arena_block_size: 1048576
2026/06/12-17:34:37.043717 624c   Options.soft_pending_compaction_bytes_limit: 68719476736
2026/06/12-17:34:37.043723 624c   Options.hard_pending_compaction_bytes_limit: 274877906944
2026/06/12-17:34:37.043727 624c                Options.disable_auto_compactions: 0
2026/06/12-17:34:37.043733 624c                        Options.compaction_style: kCompactionStyleLevel
2026/06/12-17:34:37.043740 624c                          Options.compaction_pri: kMinOverlappingRatio
2026/06/12-17:34:37.043745 624c Options.compaction_options_universal.size_ratio: 1
2026/06/12-17:34:37.043750 624c Options.compaction_options_universal.min_merge_width: 2
2026/06/12-17:34:37.043755 624c Options.compaction_options_universal.max_merge_width: 4294967295
2026/06/12-17:34:37.043763 624c Options.compaction_options_universal.max_size_amplification_percent: 200
2026/06/12-17:34:37.043768 624c Options.compaction_options_universal.compression_size_percent: -1
2026/06/12-17:34:37.043774 624c Options.compaction_options_universal.stop_style: kCompactionStopStyleTotalSize
2026/06/12-17:34:37.043780 624c Options.compaction_options_universal.max_read_amp: -1
2026/06/12-17:34:37.043786 624c Options.compaction_options_universal.reduce_file_locking: 1
2026/06/12-17:34:37.043791 624c Options.compaction_options_fifo.max_table_files_size: 1073741824
2026/06/12-17:34:37.043796 624c Options.compaction_options_fifo.allow_compaction: 0
2026/06/12-17:34:37.043803 624c                   Options.table_properties_collectors: 
2026/06/12-17:34:37.043807 624c                   Options.inplace_update_support: 0
2026/06/12-17:34:37.043813 624c                 Options.inplace_update_num_locks: 10000
2026/06/12-17:34:37.043819 624c               Options.memtable_prefix_bloom_size_ratio: 0.020000
2026/06/12-17:34:37.043824 624c               Options.memtable_whole_key_filtering: 1
2026/06/12-17:34:37.043829 624c   Options.memtable_huge_page_size: 0
2026/06/12-17:34:37.043834 624c                           Options.bloom_locality: 0
2026/06/12-17:34:37.043839 624c                    Options.max_successive_merges: 0
2026/06/12-17:34:37.043844 624c             Options.strict_max_successive_merges: 0
2026/06/12-17:34:37.043848 624c                Options.optimize_filters_for_hits: 0
2026/06/12-17:34:37.043853 624c                Options.paranoid_file_checks: 0
2026/06/12-17:34:37.043861 624c                Options.force_consistency_checks: 1
2026/06/12-17:34:37.043867 624c                Options.report_bg_io_stats: 0
2026/06/12-17:34:37.043871 624c                Options.disallow_memtable_writes: 0
2026/06/12-17:34:37.043876 624c                               Options.ttl: 2592000
2026/06/12-17:34:37.043881 624c          Options.periodic_compaction_seconds: 0
2026/06/12-17:34:37.043887 624c                        Options.default_temperature: kUnknown
2026/06/12-17:34:37.043892 624c  Options.preclude_last_level_data_seconds: 0
2026/06/12-17:34:37.043898 624c    Options.preserve_internal_time_seconds: 0
2026/06/12-17:34:37.043903 624c                       Options.enable_blob_files: false
2026/06/12-17:34:37.043908 624c                           Options.min_blob_size: 0
2026/06/12-17:34:37.043913 624c                          Options.blob_file_size: 268435456
2026/06/12-17:34:37.043918 624c                   Options.blob_compression_type: NoCompression
2026/06/12-17:34:37.043923 624c          Options.enable_blob_garbage_collection: false
2026/06/12-17:34:37.043930 624c      Options.blob_garbage_collection_age_cutoff: 0.250000
2026/06/12-17:34:37.043940 624c Options.blob_garbage_collection_force_threshold: 1.000000
2026/06/12-17:34:37.043946 624c          Options.blob_compaction_readahead_size: 0
2026/06/12-17:34:37.043951 624c                Options.blob_file_starting_level: 0
2026/06/12-17:34:37.043957 624c         Options.experimental_mempurge_threshold: 0.000000
2026/06/12-17:34:37.043963 624c            Options.memtable_max_range_deletions: 0
2026/06/12-17:34:37.043968 624c                  Options.cf_allow_ingest_behind: false
2026/06/12-17:34:37.044851 624c               Options.comparator: leveldb.BytewiseComparator
2026/06/12-17:34:37.044869 624c           Options.merge_operator: None
2026/06/12-17:34:37.044875 624c        Options.compaction_filter: None
2026/06/12-17:34:37.044881 624c        Options.compaction_filter_factory: None
2026/06/12-17:34:37.044885 624c  Options.sst_partitioner_factory: None
2026/06/12-17:34:37.044890 624c         Options.memtable_factory: SkipListFactory
2026/06/12-17:34:37.044896 624c            Options.table_factory: BlockBasedTable
2026/06/12-17:34:37.044932 624c            table_factory options:   flush_block_policy_factory: FlushBlockBySizePolicyFactory (00000146F29A7170)
  cache_index_and_filter_blocks: 0
  cache_index_and_filter_blocks_with_high_priority: 1
  pin_l0_filter_and_index_blocks_in_cache: 0
  pin_top_level_index_and_filter: 1
  index_type: 0
  data_block_index_type: 0
  index_shortening: 1
  data_block_hash_table_util_ratio: 0.750000
  checksum: 4
  no_block_cache: 0
  block_cache: 00000146F2AA1700
  block_cache_name: AutoHyperClockCache
  block_cache_options:
    capacity : 33554432
    num_shard_bits : 0
    strict_capacity_limit : 0
    memory_allocator : None
  persistent_cache: 0000000000000000
  block_size: 4096
  block_size_deviation: 10
  block_restart_interval: 16
  index_block_restart_interval: 16
