2026/06/12-16:59:08.019082 59c0 RocksDB version: 11.0.4
2026/06/12-16:59:08.019288 59c0 DB SUMMARY
2026/06/12-16:59:08.019305 59c0 Host name (Env):  SMART-LYNC
2026/06/12-16:59:08.019314 59c0 DB Session ID:  ZMPPLP4JT4O9QR5JCLOM
2026/06/12-16:59:08.023227 59c0 CURRENT file:  CURRENT
2026/06/12-16:59:08.023272 59c0 IDENTITY file:  IDENTITY
2026/06/12-16:59:08.023511 59c0 MANIFEST file:  MANIFEST-000449 size: 2364 Bytes
2026/06/12-16:59:08.023543 59c0 SST files in .cataforge\kg\store dir, Total Num: 8, files: 000020.sst 000420.sst 000421.sst 000422.sst 000434.sst 000435.sst 000436.sst 000441.sst 
2026/06/12-16:59:08.023557 59c0 Write Ahead Log file in .cataforge\kg\store: 000448.log size: 0 ; 
2026/06/12-16:59:08.023578 59c0                         Options.error_if_exists: 0
2026/06/12-16:59:08.023759 59c0                       Options.create_if_missing: 1
2026/06/12-16:59:08.023770 59c0                         Options.paranoid_checks: 1
2026/06/12-16:59:08.023775 59c0             Options.flush_verify_memtable_count: 1
2026/06/12-16:59:08.023783 59c0          Options.compaction_verify_record_count: 1
2026/06/12-16:59:08.023789 59c0                               Options.track_and_verify_wals_in_manifest: 0
2026/06/12-16:59:08.023794 59c0                               Options.track_and_verify_wals: 0
2026/06/12-16:59:08.023799 59c0        Options.verify_sst_unique_id_in_manifest: 1
2026/06/12-16:59:08.023804 59c0                                     Options.env: 00000161B28134E0
2026/06/12-16:59:08.023810 59c0                                      Options.fs: WinFS
2026/06/12-16:59:08.023815 59c0                                Options.info_log: 00000161B29D2D20
2026/06/12-16:59:08.023820 59c0                Options.max_file_opening_threads: 16
2026/06/12-16:59:08.023825 59c0                              Options.statistics: 0000000000000000
2026/06/12-16:59:08.023830 59c0                               Options.use_fsync: 0
2026/06/12-16:59:08.023836 59c0                       Options.max_log_file_size: 1048576
2026/06/12-16:59:08.023840 59c0                   Options.log_file_time_to_roll: 0
2026/06/12-16:59:08.023846 59c0                       Options.keep_log_file_num: 1000
2026/06/12-16:59:08.023850 59c0                    Options.recycle_log_file_num: 10
2026/06/12-16:59:08.023855 59c0                         Options.allow_fallocate: 1
2026/06/12-16:59:08.023860 59c0                        Options.allow_mmap_reads: 0
2026/06/12-16:59:08.023865 59c0                       Options.allow_mmap_writes: 0
2026/06/12-16:59:08.023870 59c0                        Options.use_direct_reads: 0
2026/06/12-16:59:08.023874 59c0                        Options.use_direct_io_for_flush_and_compaction: 0
2026/06/12-16:59:08.023879 59c0          Options.create_missing_column_families: 1
2026/06/12-16:59:08.023884 59c0                              Options.db_log_dir: 
2026/06/12-16:59:08.023888 59c0                                 Options.wal_dir: 
2026/06/12-16:59:08.023893 59c0                Options.table_cache_numshardbits: 6
2026/06/12-16:59:08.023898 59c0                         Options.WAL_ttl_seconds: 0
2026/06/12-16:59:08.023903 59c0                       Options.WAL_size_limit_MB: 0
2026/06/12-16:59:08.023907 59c0                        Options.max_write_batch_group_size_bytes: 1048576
2026/06/12-16:59:08.023912 59c0                     Options.is_fd_close_on_exec: 1
2026/06/12-16:59:08.023916 59c0                   Options.advise_random_on_open: 1
2026/06/12-16:59:08.023921 59c0                    Options.db_write_buffer_size: 0
2026/06/12-16:59:08.023926 59c0                    Options.write_buffer_manager: 00000161B28135D0
2026/06/12-16:59:08.023930 59c0                      Options.use_adaptive_mutex: 0
2026/06/12-16:59:08.023935 59c0                            Options.rate_limiter: 0000000000000000
2026/06/12-16:59:08.023941 59c0     Options.sst_file_manager.rate_bytes_per_sec: 0
2026/06/12-16:59:08.023947 59c0                       Options.wal_recovery_mode: 2
2026/06/12-16:59:08.023952 59c0                  Options.enable_thread_tracking: 0
2026/06/12-16:59:08.024000 59c0                  Options.enable_pipelined_write: 0
2026/06/12-16:59:08.024009 59c0                  Options.unordered_write: 0
2026/06/12-16:59:08.024014 59c0         Options.allow_concurrent_memtable_write: 1
2026/06/12-16:59:08.024019 59c0      Options.enable_write_thread_adaptive_yield: 1
2026/06/12-16:59:08.024024 59c0             Options.write_thread_max_yield_usec: 100
2026/06/12-16:59:08.024030 59c0            Options.write_thread_slow_yield_usec: 3
2026/06/12-16:59:08.024035 59c0                               Options.row_cache: None
2026/06/12-16:59:08.024040 59c0                              Options.wal_filter: None
2026/06/12-16:59:08.024045 59c0             Options.avoid_flush_during_recovery: 0
2026/06/12-16:59:08.024049 59c0             Options.allow_ingest_behind: 0
2026/06/12-16:59:08.024054 59c0             Options.two_write_queues: 0
2026/06/12-16:59:08.024059 59c0             Options.manual_wal_flush: 0
2026/06/12-16:59:08.024063 59c0             Options.wal_compression: 0
2026/06/12-16:59:08.024067 59c0             Options.background_close_inactive_wals: 0
2026/06/12-16:59:08.024072 59c0             Options.atomic_flush: 0
2026/06/12-16:59:08.024077 59c0             Options.avoid_unnecessary_blocking_io: 0
2026/06/12-16:59:08.024082 59c0             Options.prefix_seek_opt_in_only: 0
2026/06/12-16:59:08.024086 59c0                 Options.persist_stats_to_disk: 0
2026/06/12-16:59:08.024091 59c0                 Options.write_dbid_to_manifest: 1
2026/06/12-16:59:08.024095 59c0                 Options.write_identity_file: 1
2026/06/12-16:59:08.024100 59c0                 Options.log_readahead_size: 0
2026/06/12-16:59:08.024105 59c0                 Options.file_checksum_gen_factory: Unknown
2026/06/12-16:59:08.024109 59c0                 Options.best_efforts_recovery: 0
2026/06/12-16:59:08.024115 59c0                Options.max_bgerror_resume_count: 2147483647
2026/06/12-16:59:08.024120 59c0            Options.bgerror_resume_retry_interval: 1000000
2026/06/12-16:59:08.024125 59c0             Options.allow_data_in_errors: 0
2026/06/12-16:59:08.024130 59c0             Options.db_host_id: __hostname__
2026/06/12-16:59:08.024135 59c0             Options.enforce_single_del_contracts: true
2026/06/12-16:59:08.024141 59c0             Options.metadata_write_temperature: kUnknown
2026/06/12-16:59:08.024147 59c0             Options.wal_write_temperature: kUnknown
2026/06/12-16:59:08.024152 59c0             Options.max_background_jobs: 8
2026/06/12-16:59:08.024157 59c0             Options.max_background_compactions: -1
2026/06/12-16:59:08.024163 59c0             Options.max_subcompactions: 1
2026/06/12-16:59:08.024169 59c0             Options.avoid_flush_during_shutdown: 0
2026/06/12-16:59:08.024174 59c0           Options.writable_file_max_buffer_size: 1048576
2026/06/12-16:59:08.024179 59c0             Options.delayed_write_rate : 16777216
2026/06/12-16:59:08.024184 59c0             Options.max_total_wal_size: 0
2026/06/12-16:59:08.024189 59c0             Options.delete_obsolete_files_period_micros: 21600000000
2026/06/12-16:59:08.024196 59c0                   Options.stats_dump_period_sec: 600
2026/06/12-16:59:08.024201 59c0                 Options.stats_persist_period_sec: 600
2026/06/12-16:59:08.024206 59c0                 Options.stats_history_buffer_size: 1048576
2026/06/12-16:59:08.024210 59c0                          Options.max_open_files: 464
2026/06/12-16:59:08.024215 59c0                          Options.bytes_per_sync: 0
2026/06/12-16:59:08.024220 59c0                      Options.wal_bytes_per_sync: 0
2026/06/12-16:59:08.024227 59c0                   Options.strict_bytes_per_sync: 0
2026/06/12-16:59:08.024231 59c0       Options.compaction_readahead_size: 2097152
2026/06/12-16:59:08.024236 59c0                  Options.max_background_flushes: -1
2026/06/12-16:59:08.024241 59c0                  Options.max_manifest_file_size: 1073741824
2026/06/12-16:59:08.024245 59c0                  Options.max_manifest_space_amp_pct: 500
2026/06/12-16:59:08.024250 59c0             Options.manifest_preallocation_size: 4194304
2026/06/12-16:59:08.024290 59c0 Options.daily_offpeak_time_utc: 
2026/06/12-16:59:08.024302 59c0 Compression algorithms supported:
2026/06/12-16:59:08.024308 59c0 	kZSTD supported: 0
2026/06/12-16:59:08.024313 59c0 	kCustomCompressionA3 supported: 0
2026/06/12-16:59:08.024318 59c0 	kSnappyCompression supported: 0
2026/06/12-16:59:08.024323 59c0 	kCustomCompressionA5 supported: 0
2026/06/12-16:59:08.024328 59c0 	kBZip2Compression supported: 0
2026/06/12-16:59:08.024333 59c0 	kZlibCompression supported: 0
2026/06/12-16:59:08.024338 59c0 	kLZ4Compression supported: 1
2026/06/12-16:59:08.024343 59c0 	kXpressCompression supported: 0
2026/06/12-16:59:08.024348 59c0 	kCustomCompressionA7 supported: 0
2026/06/12-16:59:08.024353 59c0 	kLZ4HCCompression supported: 1
2026/06/12-16:59:08.024359 59c0 	kCustomCompressionB2 supported: 0
2026/06/12-16:59:08.024365 59c0 	kCustomCompression9C supported: 0
2026/06/12-16:59:08.024370 59c0 	kCustomCompression80 supported: 0
2026/06/12-16:59:08.024375 59c0 	kCustomCompressionB3 supported: 0
2026/06/12-16:59:08.024381 59c0 	kCustomCompression9B supported: 0
2026/06/12-16:59:08.024387 59c0 	kCustomCompression81 supported: 0
2026/06/12-16:59:08.024393 59c0 	kCustomCompressionB0 supported: 0
2026/06/12-16:59:08.024398 59c0 	kCustomCompression9A supported: 0
2026/06/12-16:59:08.024404 59c0 	kCustomCompression82 supported: 0
2026/06/12-16:59:08.024410 59c0 	kCustomCompressionB1 supported: 0
2026/06/12-16:59:08.024415 59c0 	kCustomCompression83 supported: 0
2026/06/12-16:59:08.024421 59c0 	kCustomCompressionB6 supported: 0
2026/06/12-16:59:08.024426 59c0 	kCustomCompression84 supported: 0
2026/06/12-16:59:08.024431 59c0 	kCustomCompressionB7 supported: 0
2026/06/12-16:59:08.024436 59c0 	kCustomCompression9F supported: 0
2026/06/12-16:59:08.024440 59c0 	kCustomCompression85 supported: 0
2026/06/12-16:59:08.024445 59c0 	kCustomCompressionB4 supported: 0
2026/06/12-16:59:08.024449 59c0 	kCustomCompression9E supported: 0
2026/06/12-16:59:08.024453 59c0 	kCustomCompression86 supported: 0
2026/06/12-16:59:08.024458 59c0 	kCustomCompressionB5 supported: 0
2026/06/12-16:59:08.024463 59c0 	kCustomCompression9D supported: 0
2026/06/12-16:59:08.024467 59c0 	kCustomCompression87 supported: 0
2026/06/12-16:59:08.024473 59c0 	kCustomCompression88 supported: 0
2026/06/12-16:59:08.024477 59c0 	kCustomCompression89 supported: 0
2026/06/12-16:59:08.024482 59c0 	kCustomCompression92 supported: 0
2026/06/12-16:59:08.024486 59c0 	kCustomCompression8A supported: 0
2026/06/12-16:59:08.024491 59c0 	kCustomCompression91 supported: 0
2026/06/12-16:59:08.024495 59c0 	kCustomCompression8B supported: 0
2026/06/12-16:59:08.024500 59c0 	kCustomCompression90 supported: 0
2026/06/12-16:59:08.024504 59c0 	kCustomCompression8C supported: 0
2026/06/12-16:59:08.024509 59c0 	kCustomCompression97 supported: 0
2026/06/12-16:59:08.024514 59c0 	kCustomCompression8D supported: 0
2026/06/12-16:59:08.024518 59c0 	kCustomCompression96 supported: 0
2026/06/12-16:59:08.024523 59c0 	kCustomCompression8E supported: 0
2026/06/12-16:59:08.024528 59c0 	kCustomCompression95 supported: 0
2026/06/12-16:59:08.024533 59c0 	kCustomCompression8F supported: 0
2026/06/12-16:59:08.024537 59c0 	kCustomCompression93 supported: 0
2026/06/12-16:59:08.024542 59c0 	kCustomCompression94 supported: 0
2026/06/12-16:59:08.024546 59c0 	kCustomCompression98 supported: 0
2026/06/12-16:59:08.024551 59c0 	kCustomCompression99 supported: 0
2026/06/12-16:59:08.024555 59c0 	kCustomCompressionA0 supported: 0
2026/06/12-16:59:08.024560 59c0 	kCustomCompressionA1 supported: 0
2026/06/12-16:59:08.024564 59c0 	kCustomCompressionA2 supported: 0
2026/06/12-16:59:08.024568 59c0 	kCustomCompressionA4 supported: 0
2026/06/12-16:59:08.024573 59c0 	kCustomCompressionA6 supported: 0
2026/06/12-16:59:08.024578 59c0 	kCustomCompressionA8 supported: 0
2026/06/12-16:59:08.024583 59c0 	kCustomCompressionA9 supported: 0
2026/06/12-16:59:08.024587 59c0 	kCustomCompressionAA supported: 0
2026/06/12-16:59:08.024591 59c0 	kCustomCompressionAB supported: 0
2026/06/12-16:59:08.024599 59c0 	kCustomCompressionAC supported: 0
2026/06/12-16:59:08.024605 59c0 	kCustomCompressionAD supported: 0
2026/06/12-16:59:08.024631 59c0 	kCustomCompressionAE supported: 0
2026/06/12-16:59:08.024641 59c0 	kCustomCompressionAF supported: 0
2026/06/12-16:59:08.024645 59c0 	kCustomCompressionB8 supported: 0
2026/06/12-16:59:08.024650 59c0 	kCustomCompressionB9 supported: 0
2026/06/12-16:59:08.024655 59c0 	kCustomCompressionBA supported: 0
2026/06/12-16:59:08.024662 59c0 	kCustomCompressionBB supported: 0
2026/06/12-16:59:08.024666 59c0 	kCustomCompressionBC supported: 0
2026/06/12-16:59:08.024672 59c0 	kCustomCompressionBD supported: 0
2026/06/12-16:59:08.024679 59c0 	kCustomCompressionBE supported: 0
2026/06/12-16:59:08.024686 59c0 	kCustomCompressionBF supported: 0
2026/06/12-16:59:08.024696 59c0 	kCustomCompressionC0 supported: 0
2026/06/12-16:59:08.024703 59c0 	kCustomCompressionC1 supported: 0
2026/06/12-16:59:08.024709 59c0 	kCustomCompressionC2 supported: 0
2026/06/12-16:59:08.024715 59c0 	kCustomCompressionC3 supported: 0
2026/06/12-16:59:08.024721 59c0 	kCustomCompressionC4 supported: 0
2026/06/12-16:59:08.024729 59c0 	kCustomCompressionC5 supported: 0
2026/06/12-16:59:08.024734 59c0 	kCustomCompressionC6 supported: 0
2026/06/12-16:59:08.024738 59c0 	kCustomCompressionC7 supported: 0
2026/06/12-16:59:08.024742 59c0 	kCustomCompressionC8 supported: 0
2026/06/12-16:59:08.024746 59c0 	kCustomCompressionC9 supported: 0
2026/06/12-16:59:08.024751 59c0 	kCustomCompressionCA supported: 0
2026/06/12-16:59:08.024760 59c0 	kCustomCompressionCB supported: 0
2026/06/12-16:59:08.024765 59c0 	kCustomCompressionCC supported: 0
2026/06/12-16:59:08.024768 59c0 	kCustomCompressionCD supported: 0
2026/06/12-16:59:08.024772 59c0 	kCustomCompressionCE supported: 0
2026/06/12-16:59:08.024776 59c0 	kCustomCompressionCF supported: 0
2026/06/12-16:59:08.024780 59c0 	kCustomCompressionD0 supported: 0
2026/06/12-16:59:08.024785 59c0 	kCustomCompressionD1 supported: 0
2026/06/12-16:59:08.024789 59c0 	kCustomCompressionD2 supported: 0
2026/06/12-16:59:08.024793 59c0 	kCustomCompressionD3 supported: 0
2026/06/12-16:59:08.024798 59c0 	kCustomCompressionD4 supported: 0
2026/06/12-16:59:08.024803 59c0 	kCustomCompressionD5 supported: 0
2026/06/12-16:59:08.024807 59c0 	kCustomCompressionD6 supported: 0
2026/06/12-16:59:08.024811 59c0 	kCustomCompressionD7 supported: 0
2026/06/12-16:59:08.024816 59c0 	kCustomCompressionD8 supported: 0
2026/06/12-16:59:08.024820 59c0 	kCustomCompressionD9 supported: 0
2026/06/12-16:59:08.024824 59c0 	kCustomCompressionDA supported: 0
2026/06/12-16:59:08.024827 59c0 	kCustomCompressionDB supported: 0
2026/06/12-16:59:08.024832 59c0 	kCustomCompressionDC supported: 0
2026/06/12-16:59:08.024838 59c0 	kCustomCompressionDD supported: 0
2026/06/12-16:59:08.024844 59c0 	kCustomCompressionDE supported: 0
2026/06/12-16:59:08.024851 59c0 	kCustomCompressionDF supported: 0
2026/06/12-16:59:08.024857 59c0 	kCustomCompressionE0 supported: 0
2026/06/12-16:59:08.024863 59c0 	kCustomCompressionE1 supported: 0
2026/06/12-16:59:08.024870 59c0 	kCustomCompressionE2 supported: 0
2026/06/12-16:59:08.024878 59c0 	kCustomCompressionE3 supported: 0
2026/06/12-16:59:08.024885 59c0 	kCustomCompressionE4 supported: 0
2026/06/12-16:59:08.024891 59c0 	kCustomCompressionE5 supported: 0
2026/06/12-16:59:08.024899 59c0 	kCustomCompressionE6 supported: 0
2026/06/12-16:59:08.024906 59c0 	kCustomCompressionE7 supported: 0
2026/06/12-16:59:08.024917 59c0 	kCustomCompressionE8 supported: 0
2026/06/12-16:59:08.024924 59c0 	kCustomCompressionE9 supported: 0
2026/06/12-16:59:08.024931 59c0 	kCustomCompressionEA supported: 0
2026/06/12-16:59:08.024938 59c0 	kCustomCompressionEB supported: 0
2026/06/12-16:59:08.024945 59c0 	kCustomCompressionEC supported: 0
2026/06/12-16:59:08.024951 59c0 	kCustomCompressionED supported: 0
2026/06/12-16:59:08.024957 59c0 	kCustomCompressionEE supported: 0
2026/06/12-16:59:08.024962 59c0 	kCustomCompressionEF supported: 0
2026/06/12-16:59:08.024969 59c0 	kCustomCompressionF0 supported: 0
2026/06/12-16:59:08.024983 59c0 	kCustomCompressionF1 supported: 0
2026/06/12-16:59:08.025123 59c0 	kCustomCompressionF2 supported: 0
2026/06/12-16:59:08.025137 59c0 	kCustomCompressionF3 supported: 0
2026/06/12-16:59:08.025143 59c0 	kCustomCompressionF4 supported: 0
2026/06/12-16:59:08.025148 59c0 	kCustomCompressionF5 supported: 0
2026/06/12-16:59:08.025152 59c0 	kCustomCompressionF6 supported: 0
2026/06/12-16:59:08.025158 59c0 	kCustomCompressionF7 supported: 0
2026/06/12-16:59:08.025163 59c0 	kCustomCompressionF8 supported: 0
2026/06/12-16:59:08.025170 59c0 	kCustomCompressionF9 supported: 0
2026/06/12-16:59:08.025176 59c0 	kCustomCompressionFA supported: 0
2026/06/12-16:59:08.025182 59c0 	kCustomCompressionFB supported: 0
2026/06/12-16:59:08.025187 59c0 	kCustomCompressionFC supported: 0
2026/06/12-16:59:08.025192 59c0 	kCustomCompressionFD supported: 0
2026/06/12-16:59:08.025197 59c0 	kCustomCompressionFE supported: 0
2026/06/12-16:59:08.025216 59c0 Fast CRC32 supported: Not supported on x86
2026/06/12-16:59:08.025223 59c0 DMutex implementation: std::mutex
2026/06/12-16:59:08.025231 59c0 Jemalloc supported: 0
2026/06/12-16:59:08.042595 59c0               Options.comparator: leveldb.BytewiseComparator
2026/06/12-16:59:08.042677 59c0           Options.merge_operator: None
2026/06/12-16:59:08.042690 59c0        Options.compaction_filter: None
2026/06/12-16:59:08.042701 59c0        Options.compaction_filter_factory: None
2026/06/12-16:59:08.042706 59c0  Options.sst_partitioner_factory: None
2026/06/12-16:59:08.042714 59c0         Options.memtable_factory: SkipListFactory
2026/06/12-16:59:08.042721 59c0            Options.table_factory: BlockBasedTable
2026/06/12-16:59:08.042776 59c0            table_factory options:   flush_block_policy_factory: FlushBlockBySizePolicyFactory (00000161B54022E0)
  cache_index_and_filter_blocks: 0
  cache_index_and_filter_blocks_with_high_priority: 1
  pin_l0_filter_and_index_blocks_in_cache: 0
  pin_top_level_index_and_filter: 1
  index_type: 0
  data_block_index_type: 0
  index_shortening: 1
  data_block_hash_table_util_ratio: 0.750000
  checksum: 4
  no_block_cache: 0
  block_cache: 00000161B541C100
  block_cache_name: AutoHyperClockCache
  block_cache_options:
    capacity : 33554432
    num_shard_bits : 0
    strict_capacity_limit : 0
    memory_allocator : None
  persistent_cache: 0000000000000000
  block_size: 4096
  block_size_deviation: 10
  block_restart_interval: 16
  index_block_restart_interval: 16
  metadata_block_size: 4096
  partition_filters: 0
  use_delta_encoding: 1
  filter_policy: nullptr
  user_defined_index_factory: nullptr
  fail_if_no_udi_on_open: 0
  whole_key_filtering: 1
  verify_compression: 0
  read_amp_bytes_per_bit: 0
  format_version: 5
  enable_index_compression: 1
  block_align: 0
  super_block_alignment_size: 0
  super_block_alignment_space_overhead_ratio: 128
  max_auto_readahead_size: 262144
  prepopulate_block_cache: 0
  initial_auto_readahead_size: 8192
  num_file_reads_for_auto_readahead: 2
2026/06/12-16:59:08.042795 59c0        Options.write_buffer_size: 134217728
2026/06/12-16:59:08.042817 59c0  Options.max_write_buffer_number: 6
2026/06/12-16:59:08.042830 59c0        Options.compression[0]: NoCompression
2026/06/12-16:59:08.042835 59c0        Options.compression[1]: NoCompression
2026/06/12-16:59:08.042841 59c0        Options.compression[2]: LZ4
2026/06/12-16:59:08.042847 59c0        Options.compression[3]: LZ4
2026/06/12-16:59:08.042852 59c0        Options.compression[4]: LZ4
2026/06/12-16:59:08.042857 59c0        Options.compression[5]: LZ4
2026/06/12-16:59:08.042863 59c0        Options.compression[6]: LZ4
2026/06/12-16:59:08.042870 59c0                  Options.bottommost_compression: Disabled
2026/06/12-16:59:08.042878 59c0       Options.prefix_extractor: nullptr
2026/06/12-16:59:08.042885 59c0   Options.memtable_insert_with_hint_prefix_extractor: nullptr
2026/06/12-16:59:08.042891 59c0             Options.num_levels: 7
2026/06/12-16:59:08.042896 59c0        Options.min_write_buffer_number_to_merge: 2
2026/06/12-16:59:08.042911 59c0     Options.max_write_buffer_size_to_maintain: 0
2026/06/12-16:59:08.042938 59c0            Options.bottommost_compression_opts.window_bits: -14
2026/06/12-16:59:08.042951 59c0                  Options.bottommost_compression_opts.level: 32767
2026/06/12-16:59:08.042960 59c0               Options.bottommost_compression_opts.strategy: 0
2026/06/12-16:59:08.042967 59c0         Options.bottommost_compression_opts.max_dict_bytes: 0
2026/06/12-16:59:08.042974 59c0         Options.bottommost_compression_opts.zstd_max_train_bytes: 0
2026/06/12-16:59:08.042982 59c0         Options.bottommost_compression_opts.parallel_threads: 1
2026/06/12-16:59:08.042990 59c0                  Options.bottommost_compression_opts.enabled: false
2026/06/12-16:59:08.042999 59c0         Options.bottommost_compression_opts.max_dict_buffer_bytes: 0
2026/06/12-16:59:08.043004 59c0         Options.bottommost_compression_opts.use_zstd_dict_trainer: true
2026/06/12-16:59:08.043008 59c0            Options.compression_opts.window_bits: -14
2026/06/12-16:59:08.043013 59c0                  Options.compression_opts.level: 32767
2026/06/12-16:59:08.043018 59c0               Options.compression_opts.strategy: 0
2026/06/12-16:59:08.043039 59c0         Options.compression_opts.max_dict_bytes: 0
2026/06/12-16:59:08.043056 59c0         Options.compression_opts.zstd_max_train_bytes: 0
2026/06/12-16:59:08.043065 59c0         Options.compression_opts.use_zstd_dict_trainer: true
2026/06/12-16:59:08.043073 59c0         Options.compression_opts.parallel_threads: 1
2026/06/12-16:59:08.043079 59c0                  Options.compression_opts.enabled: false
2026/06/12-16:59:08.043085 59c0         Options.compression_opts.max_dict_buffer_bytes: 0
2026/06/12-16:59:08.043090 59c0      Options.level0_file_num_compaction_trigger: 2
2026/06/12-16:59:08.043097 59c0          Options.level0_slowdown_writes_trigger: 20
2026/06/12-16:59:08.043102 59c0              Options.level0_stop_writes_trigger: 36
2026/06/12-16:59:08.043113 59c0                   Options.target_file_size_base: 67108864
2026/06/12-16:59:08.043118 59c0             Options.target_file_size_multiplier: 1
2026/06/12-16:59:08.043126 59c0            Options.target_file_size_is_upper_bound: 0
2026/06/12-16:59:08.043134 59c0                Options.max_bytes_for_level_base: 536870912
2026/06/12-16:59:08.043139 59c0 Options.level_compaction_dynamic_level_bytes: 1
2026/06/12-16:59:08.043147 59c0          Options.max_bytes_for_level_multiplier: 10.000000
2026/06/12-16:59:08.043153 59c0 Options.max_bytes_for_level_multiplier_addtl[0]: 1
2026/06/12-16:59:08.043158 59c0 Options.max_bytes_for_level_multiplier_addtl[1]: 1
2026/06/12-16:59:08.043163 59c0 Options.max_bytes_for_level_multiplier_addtl[2]: 1
2026/06/12-16:59:08.043168 59c0 Options.max_bytes_for_level_multiplier_addtl[3]: 1
2026/06/12-16:59:08.043173 59c0 Options.max_bytes_for_level_multiplier_addtl[4]: 1
2026/06/12-16:59:08.043179 59c0 Options.max_bytes_for_level_multiplier_addtl[5]: 1
2026/06/12-16:59:08.043186 59c0 Options.max_bytes_for_level_multiplier_addtl[6]: 1
2026/06/12-16:59:08.043199 59c0       Options.max_sequential_skip_in_iterations: 8
2026/06/12-16:59:08.043205 59c0          Options.memtable_op_scan_flush_trigger: 0
2026/06/12-16:59:08.043210 59c0      Options.memtable_avg_op_scan_flush_trigger: 0
2026/06/12-16:59:08.043215 59c0                    Options.max_compaction_bytes: 1677721600
2026/06/12-16:59:08.043220 59c0                        Options.arena_block_size: 1048576
2026/06/12-16:59:08.043225 59c0   Options.soft_pending_compaction_bytes_limit: 68719476736
2026/06/12-16:59:08.043231 59c0   Options.hard_pending_compaction_bytes_limit: 274877906944
2026/06/12-16:59:08.043236 59c0                Options.disable_auto_compactions: 0
2026/06/12-16:59:08.043244 59c0                        Options.compaction_style: kCompactionStyleLevel
2026/06/12-16:59:08.043250 59c0                          Options.compaction_pri: kMinOverlappingRatio
2026/06/12-16:59:08.043254 59c0 Options.compaction_options_universal.size_ratio: 1
2026/06/12-16:59:08.043257 59c0 Options.compaction_options_universal.min_merge_width: 2
2026/06/12-16:59:08.043264 59c0 Options.compaction_options_universal.max_merge_width: 4294967295
2026/06/12-16:59:08.043268 59c0 Options.compaction_options_universal.max_size_amplification_percent: 200
2026/06/12-16:59:08.043272 59c0 Options.compaction_options_universal.compression_size_percent: -1
2026/06/12-16:59:08.043276 59c0 Options.compaction_options_universal.stop_style: kCompactionStopStyleTotalSize
2026/06/12-16:59:08.043280 59c0 Options.compaction_options_universal.max_read_amp: -1
2026/06/12-16:59:08.043284 59c0 Options.compaction_options_universal.reduce_file_locking: 1
2026/06/12-16:59:08.043287 59c0 Options.compaction_options_fifo.max_table_files_size: 1073741824
2026/06/12-16:59:08.043291 59c0 Options.compaction_options_fifo.allow_compaction: 0
2026/06/12-16:59:08.043301 59c0                   Options.table_properties_collectors: 
2026/06/12-16:59:08.043305 59c0                   Options.inplace_update_support: 0
2026/06/12-16:59:08.043309 59c0                 Options.inplace_update_num_locks: 10000
2026/06/12-16:59:08.043329 59c0               Options.memtable_prefix_bloom_size_ratio: 0.000000
2026/06/12-16:59:08.043333 59c0               Options.memtable_whole_key_filtering: 0
2026/06/12-16:59:08.043336 59c0   Options.memtable_huge_page_size: 0
2026/06/12-16:59:08.043339 59c0                           Options.bloom_locality: 0
2026/06/12-16:59:08.043342 59c0                    Options.max_successive_merges: 0
2026/06/12-16:59:08.043346 59c0             Options.strict_max_successive_merges: 0
2026/06/12-16:59:08.043349 59c0                Options.optimize_filters_for_hits: 0
2026/06/12-16:59:08.043352 59c0                Options.paranoid_file_checks: 0
2026/06/12-16:59:08.043356 59c0                Options.force_consistency_checks: 1
2026/06/12-16:59:08.043359 59c0                Options.report_bg_io_stats: 0
2026/06/12-16:59:08.043362 59c0                Options.disallow_memtable_writes: 0
2026/06/12-16:59:08.043365 59c0                               Options.ttl: 2592000
2026/06/12-16:59:08.043369 59c0          Options.periodic_compaction_seconds: 0
2026/06/12-16:59:08.043373 59c0                        Options.default_temperature: kUnknown
2026/06/12-16:59:08.043377 59c0  Options.preclude_last_level_data_seconds: 0
2026/06/12-16:59:08.043380 59c0    Options.preserve_internal_time_seconds: 0
2026/06/12-16:59:08.043383 59c0                       Options.enable_blob_files: false
2026/06/12-16:59:08.043387 59c0                           Options.min_blob_size: 0
2026/06/12-16:59:08.043390 59c0                          Options.blob_file_size: 268435456
2026/06/12-16:59:08.043394 59c0                   Options.blob_compression_type: NoCompression
2026/06/12-16:59:08.043397 59c0          Options.enable_blob_garbage_collection: false
2026/06/12-16:59:08.043401 59c0      Options.blob_garbage_collection_age_cutoff: 0.250000
2026/06/12-16:59:08.043405 59c0 Options.blob_garbage_collection_force_threshold: 1.000000
2026/06/12-16:59:08.043408 59c0          Options.blob_compaction_readahead_size: 0
2026/06/12-16:59:08.043412 59c0                Options.blob_file_starting_level: 0
2026/06/12-16:59:08.043415 59c0         Options.experimental_mempurge_threshold: 0.000000
2026/06/12-16:59:08.043419 59c0            Options.memtable_max_range_deletions: 0
2026/06/12-16:59:08.043422 59c0                  Options.cf_allow_ingest_behind: false
2026/06/12-16:59:08.043940 59c0               Options.comparator: leveldb.BytewiseComparator
2026/06/12-16:59:08.043952 59c0           Options.merge_operator: None
2026/06/12-16:59:08.043955 59c0        Options.compaction_filter: None
2026/06/12-16:59:08.043958 59c0        Options.compaction_filter_factory: None
2026/06/12-16:59:08.043961 59c0  Options.sst_partitioner_factory: None
2026/06/12-16:59:08.043965 59c0         Options.memtable_factory: SkipListFactory
2026/06/12-16:59:08.043968 59c0            Options.table_factory: BlockBasedTable
2026/06/12-16:59:08.044000 59c0            table_factory options:   flush_block_policy_factory: FlushBlockBySizePolicyFactory (00000161B5401E00)
  cache_index_and_filter_blocks: 0
  cache_index_and_filter_blocks_with_high_priority: 1
  pin_l0_filter_and_index_blocks_in_cache: 0
  pin_top_level_index_and_filter: 1
  index_type: 0
  data_block_index_type: 1
  index_shortening: 1
  data_block_hash_table_util_ratio: 0.750000
  checksum: 4
  no_block_cache: 0
  block_cache: 00000161B541D530
  block_cache_name: LRUCache
  block_cache_options:
    capacity : 134217728
    num_shard_bits : 6
    strict_capacity_limit : 0
    memory_allocator : None
    high_pri_pool_ratio: 0.500
    low_pri_pool_ratio: 0.000
  persistent_cache: 0000000000000000
  block_size: 4096
  block_size_deviation: 10
  block_restart_interval: 16
  index_block_restart_interval: 1
  metadata_block_size: 4096
  partition_filters: 0
  use_delta_encoding: 1
  filter_policy: bloomfilter
  user_defined_index_factory: nullptr
  fail_if_no_udi_on_open: 0
  whole_key_filtering: 1
  verify_compression: 0
  read_amp_bytes_per_bit: 0
  format_version: 7
  enable_index_compression: 1
  block_align: 0
  super_block_alignment_size: 0
  super_block_alignment_space_overhead_ratio: 128
  max_auto_readahead_size: 262144
  prepopulate_block_cache: 0
  initial_auto_readahead_size: 8192
  num_file_reads_for_auto_readahead: 2
2026/06/12-16:59:08.044007 59c0        Options.write_buffer_size: 134217728
2026/06/12-16:59:08.044011 59c0  Options.max_write_buffer_number: 6
2026/06/12-16:59:08.044015 59c0        Options.compression[0]: NoCompression
2026/06/12-16:59:08.044018 59c0        Options.compression[1]: NoCompression
2026/06/12-16:59:08.044031 59c0        Options.compression[2]: LZ4
2026/06/12-16:59:08.044035 59c0        Options.compression[3]: LZ4
2026/06/12-16:59:08.044038 59c0        Options.compression[4]: LZ4
2026/06/12-16:59:08.044042 59c0        Options.compression[5]: LZ4
2026/06/12-16:59:08.044046 59c0        Options.compression[6]: LZ4
2026/06/12-16:59:08.044050 59c0                  Options.bottommost_compression: Disabled
2026/06/12-16:59:08.044054 59c0       Options.prefix_extractor: nullptr
2026/06/12-16:59:08.044058 59c0   Options.memtable_insert_with_hint_prefix_extractor: nullptr
2026/06/12-16:59:08.044061 59c0             Options.num_levels: 7
2026/06/12-16:59:08.044065 59c0        Options.min_write_buffer_number_to_merge: 2
2026/06/12-16:59:08.044068 59c0     Options.max_write_buffer_size_to_maintain: 0
2026/06/12-16:59:08.044072 59c0            Options.bottommost_compression_opts.window_bits: -14
2026/06/12-16:59:08.044076 59c0                  Options.bottommost_compression_opts.level: 32767
2026/06/12-16:59:08.044080 59c0               Options.bottommost_compression_opts.strategy: 0
2026/06/12-16:59:08.044083 59c0         Options.bottommost_compression_opts.max_dict_bytes: 0
2026/06/12-16:59:08.044087 59c0         Options.bottommost_compression_opts.zstd_max_train_bytes: 0
2026/06/12-16:59:08.044090 59c0         Options.bottommost_compression_opts.parallel_threads: 1
2026/06/12-16:59:08.044095 59c0                  Options.bottommost_compression_opts.enabled: false
2026/06/12-16:59:08.044099 59c0         Options.bottommost_compression_opts.max_dict_buffer_bytes: 0
2026/06/12-16:59:08.044102 59c0         Options.bottommost_compression_opts.use_zstd_dict_trainer: true
2026/06/12-16:59:08.044107 59c0            Options.compression_opts.window_bits: -14
2026/06/12-16:59:08.044110 59c0                  Options.compression_opts.level: 32767
2026/06/12-16:59:08.044114 59c0               Options.compression_opts.strategy: 0
2026/06/12-16:59:08.044117 59c0         Options.compression_opts.max_dict_bytes: 0
2026/06/12-16:59:08.044120 59c0         Options.compression_opts.zstd_max_train_bytes: 0
2026/06/12-16:59:08.044124 59c0         Options.compression_opts.use_zstd_dict_trainer: true
2026/06/12-16:59:08.044127 59c0         Options.compression_opts.parallel_threads: 1
2026/06/12-16:59:08.044131 59c0                  Options.compression_opts.enabled: false
2026/06/12-16:59:08.044135 59c0         Options.compression_opts.max_dict_buffer_bytes: 0
2026/06/12-16:59:08.044139 59c0      Options.level0_file_num_compaction_trigger: 2
2026/06/12-16:59:08.044206 59c0          Options.level0_slowdown_writes_trigger: 20
2026/06/12-16:59:08.044213 59c0              Options.level0_stop_writes_trigger: 36
2026/06/12-16:59:08.044217 59c0                   Options.target_file_size_base: 67108864
2026/06/12-16:59:08.044221 59c0             Options.target_file_size_multiplier: 1
2026/06/12-16:59:08.044225 59c0            Options.target_file_size_is_upper_bound: 0
2026/06/12-16:59:08.044228 59c0                Options.max_bytes_for_level_base: 536870912
2026/06/12-16:59:08.044232 59c0 Options.level_compaction_dynamic_level_bytes: 1
2026/06/12-16:59:08.044236 59c0          Options.max_bytes_for_level_multiplier: 10.000000
2026/06/12-16:59:08.044240 59c0 Options.max_bytes_for_level_multiplier_addtl[0]: 1
2026/06/12-16:59:08.044243 59c0 Options.max_bytes_for_level_multiplier_addtl[1]: 1
2026/06/12-16:59:08.044247 59c0 Options.max_bytes_for_level_multiplier_addtl[2]: 1
2026/06/12-16:59:08.044251 59c0 Options.max_bytes_for_level_multiplier_addtl[3]: 1
2026/06/12-16:59:08.044254 59c0 Options.max_bytes_for_level_multiplier_addtl[4]: 1
2026/06/12-16:59:08.044257 59c0 Options.max_bytes_for_level_multiplier_addtl[5]: 1
2026/06/12-16:59:08.044261 59c0 Options.max_bytes_for_level_multiplier_addtl[6]: 1
2026/06/12-16:59:08.044264 59c0       Options.max_sequential_skip_in_iterations: 8
2026/06/12-16:59:08.044268 59c0          Options.memtable_op_scan_flush_trigger: 0
2026/06/12-16:59:08.044271 59c0      Options.memtable_avg_op_scan_flush_trigger: 0
2026/06/12-16:59:08.044275 59c0                    Options.max_compaction_bytes: 1677721600
2026/06/12-16:59:08.044279 59c0                        Options.arena_block_size: 1048576
2026/06/12-16:59:08.044283 59c0   Options.soft_pending_compaction_bytes_limit: 68719476736
2026/06/12-16:59:08.044286 59c0   Options.hard_pending_compaction_bytes_limit: 274877906944
2026/06/12-16:59:08.044290 59c0                Options.disable_auto_compactions: 0
2026/06/12-16:59:08.044295 59c0                        Options.compaction_style: kCompactionStyleLevel
2026/06/12-16:59:08.044300 59c0                          Options.compaction_pri: kMinOverlappingRatio
2026/06/12-16:59:08.044304 59c0 Options.compaction_options_universal.size_ratio: 1
2026/06/12-16:59:08.044307 59c0 Options.compaction_options_universal.min_merge_width: 2
2026/06/12-16:59:08.044311 59c0 Options.compaction_options_universal.max_merge_width: 4294967295
2026/06/12-16:59:08.044314 59c0 Options.compaction_options_universal.max_size_amplification_percent: 200
2026/06/12-16:59:08.044318 59c0 Options.compaction_options_universal.compression_size_percent: -1
2026/06/12-16:59:08.044322 59c0 Options.compaction_options_universal.stop_style: kCompactionStopStyleTotalSize
2026/06/12-16:59:08.044326 59c0 Options.compaction_options_universal.max_read_amp: -1
2026/06/12-16:59:08.044330 59c0 Options.compaction_options_universal.reduce_file_locking: 1
2026/06/12-16:59:08.044333 59c0 Options.compaction_options_fifo.max_table_files_size: 1073741824
2026/06/12-16:59:08.044337 59c0 Options.compaction_options_fifo.allow_compaction: 0
2026/06/12-16:59:08.044342 59c0                   Options.table_properties_collectors: 
2026/06/12-16:59:08.044346 59c0                   Options.inplace_update_support: 0
2026/06/12-16:59:08.044349 59c0                 Options.inplace_update_num_locks: 10000
2026/06/12-16:59:08.044353 59c0               Options.memtable_prefix_bloom_size_ratio: 0.020000
2026/06/12-16:59:08.044357 59c0               Options.memtable_whole_key_filtering: 1
2026/06/12-16:59:08.044361 59c0   Options.memtable_huge_page_size: 0
2026/06/12-16:59:08.044364 59c0                           Options.bloom_locality: 0
2026/06/12-16:59:08.044367 59c0                    Options.max_successive_merges: 0
2026/06/12-16:59:08.044371 59c0             Options.strict_max_successive_merges: 0
2026/06/12-16:59:08.044374 59c0                Options.optimize_filters_for_hits: 0
2026/06/12-16:59:08.044377 59c0                Options.paranoid_file_checks: 0
2026/06/12-16:59:08.044380 59c0                Options.force_consistency_checks: 1
2026/06/12-16:59:08.044386 59c0                Options.report_bg_io_stats: 0
2026/06/12-16:59:08.044390 59c0                Options.disallow_memtable_writes: 0
2026/06/12-16:59:08.044394 59c0                               Options.ttl: 2592000
2026/06/12-16:59:08.044397 59c0          Options.periodic_compaction_seconds: 0
2026/06/12-16:59:08.044401 59c0                        Options.default_temperature: kUnknown
2026/06/12-16:59:08.044404 59c0  Options.preclude_last_level_data_seconds: 0
2026/06/12-16:59:08.044407 59c0    Options.preserve_internal_time_seconds: 0
2026/06/12-16:59:08.044411 59c0                       Options.enable_blob_files: false
2026/06/12-16:59:08.044418 59c0                           Options.min_blob_size: 0
2026/06/12-16:59:08.044422 59c0                          Options.blob_file_size: 268435456
2026/06/12-16:59:08.044425 59c0                   Options.blob_compression_type: NoCompression
2026/06/12-16:59:08.044429 59c0          Options.enable_blob_garbage_collection: false
2026/06/12-16:59:08.044432 59c0      Options.blob_garbage_collection_age_cutoff: 0.250000
2026/06/12-16:59:08.044436 59c0 Options.blob_garbage_collection_force_threshold: 1.000000
2026/06/12-16:59:08.044439 59c0          Options.blob_compaction_readahead_size: 0
2026/06/12-16:59:08.044443 59c0                Options.blob_file_starting_level: 0
2026/06/12-16:59:08.044446 59c0         Options.experimental_mempurge_threshold: 0.000000
2026/06/12-16:59:08.044449 59c0            Options.memtable_max_range_deletions: 0
2026/06/12-16:59:08.044453 59c0                  Options.cf_allow_ingest_behind: false
2026/06/12-16:59:08.044963 59c0               Options.comparator: leveldb.BytewiseComparator
2026/06/12-16:59:08.044988 59c0           Options.merge_operator: None
2026/06/12-16:59:08.044991 59c0        Options.compaction_filter: None
2026/06/12-16:59:08.044994 59c0        Options.compaction_filter_factory: None
2026/06/12-16:59:08.044998 59c0  Options.sst_partitioner_factory: None
2026/06/12-16:59:08.045001 59c0         Options.memtable_factory: SkipListFactory
2026/06/12-16:59:08.045005 59c0            Options.table_factory: BlockBasedTable
2026/06/12-16:59:08.045042 59c0            table_factory options:   flush_block_policy_factory: FlushBlockBySizePolicyFactory (00000161B54022E0)
  cache_index_and_filter_blocks: 0
  cache_index_and_filter_blocks_with_high_priority: 1
  pin_l0_filter_and_index_blocks_in_cache: 0
  pin_top_level_index_and_filter: 1
  index_type: 0
  data_block_index_type: 0
  index_shortening: 1
  data_block_hash_table_util_ratio: 0.750000
  checksum: 4
  no_block_cache: 0
  block_cache: 00000161B541C100
  block_cache_name: AutoHyperClockCache
  block_cache_options:
    capacity : 33554432
    num_shard_bits : 0
    strict_capacity_limit : 0
    memory_allocator : None
  persistent_cache: 0000000000000000
  block_size: 4096
  block_size_deviation: 10
  block_restart_interval: 16
  index_block_restart_interval: 16
  metadata_block_size: 4096
  partition_filters: 0
  use_delta_encoding: 1
